timestamp,08:35:29.940,is_stable,0,duration,-1,zeros,0.14102-0.24002i,0.14349+0.21392i,0.14336+0.21564i,0.14219+0.22025i,0.14245+0.21682i,0.1431+0.22124i,0.14323+0.21844i,0.14284+0.21926i,0.20202-0.02056i,0.14264-0.21832i,0.14219-0.22029i,0.14336-0.21264i
timestamp,08:35:53.221,is_stable,0,duration,-1,zeros,0.1998+0.016486i,0.1431-0.22559i,0.14264-0.21749i,0.14115-0.23156i,0.14147-0.23354i
timestamp,08:35:59.277,is_stable,0,duration,-1,zeros,0.14258+0.22584i,0.14375-0.0032582i,0.19818-0.0032165i,0.14258+0.0026752i,0.14375-0.0088725i,0.1431-0.21929i,0.14375+0.00095249i,0.20247+0.0032204i,0.20273+0.001821i,0.20091+0.0042349i,0.20182+0.0067187i,0.19909-0.0007327i,0.19909-0.0081142i,0.20065-0.0091287i,0.19883-0.0067148i,0.19987-0.0049307i,0.20169+3.6906e-05i,0.14258-0.0015356i,0.14258-0.0064481i,0.14258-0.010659i,0.14375-0.0053636i,0.14349-0.21474i,0.14238-0.20213i,0.14466-0.21809i,0.14479-0.21657i
timestamp,08:36:30.541,is_stable,0,duration,-1,zeros,0.14408-0.20517i,0.14395-0.2073i
timestamp,08:37:04.081,is_stable,0,duration,-1,zeros,0.14349+0.0012903i,0.14245-0.0088179i,0.14206-0.016388i,0.14284-0.0012477i,0.14388+0.0088605i,0.20026+0.0062397i,0.20013-0.0063627i,0.20143-0.014725i,0.19974-0.013933i,0.19935-0.0013451i,0.20098-0.0033993i,0.14238-0.01008i,0.14154-0.22769i,0.14336+0.012206i,0.14408+0.014325i,0.14316+0.01346i,0.1429+0.015133i,0.14232+0.0088168i,0.14206+0.00377i,0.14206+0.0071296i,0.14316+0.0050608i,0.1429+0.0067334i,0.14232+0.0020974i,0.14258-0.0029348i,0.14375-0.00038223i,0.19909+0.00032747i,0.20143+0.0054326i,0.19974+0.0028655i,0.20078+0.0028946i,0.20104+0.0079414i,0.20169+0.0037601i,0.14102+0.21876i,0.14297+0.21797i,0.14375+0.21632i,0.1998-0.012671i,0.20221-0.016383i,0.2+0.0011929i,0.19987-0.0046902i,0.20072-0.0017268i,0.14284-0.23691i,0.14232-0.23849i,0.14167-0.22006i,0.14271-0.21842i,0.14219-0.22224i,0.14167-0.22605i,0.14362-0.21174i
timestamp,13:24:02.245,is_stable,1,duration,-1,zeros,timestamp,13:24:23.631,is_stable,0,duration,-1,zeros,0.50124-0.047569i,0.49857+0.099449i,0.49818+0.064265i,0.50065+0.0089332i,0.50052+0.0071396i,0.49987-0.0018284i,0.50221+0.00065312i,0.50013+0.0017588i,0.50137-0.045776i,0.50098-0.041222i,0.49915+0.062815i,0.49831+0.066058i,0.5013+0.017901i,0.50026+0.0035524i,0.49896-0.014384i,0.4998-0.067299i,0.49863-0.053638i,0.49883-0.055915i,0.49967-0.049224i,0.50078-0.038945i,0.50072-0.034875i,0.49909-0.01259i,0.49954-0.021214i,0.49974-0.003622i,0.50208-0.0011405i
timestamp,13:32:03.959,is_stable,0,duration,-1,zeros,0.50013-0.047955i,0.49974+0.03858i,0.49974+0.024165i,0.50026+0.044177i,0.50091-0.017123i,0.50013-0.052133i,0.50104+0.00055073i,0.49987-0.003913i,0.50065-0.00233i,0.50143+0.0034314i,0.50052+0.0050666i,0.49974-0.00069477i,0.50013+0.0021859i,0.50052+0.040617i,0.50013+0.037055i,0.49896+0.041629i,0.4987+0.043494i,0.49896+0.071306i,0.4987+0.068931i,0.50104+0.022474i,0.49935+0.035017i,0.50065+0.030782i,0.49987+0.016874i,0.49948+0.015007i,0.49961+0.017891i,0.50052+0.021116i,0.50091+0.019591i,0.5013-0.018421i,0.50039-0.020964i,0.5-0.019666i,0.49909-0.0075851i,0.49987-0.026894i,0.50078-0.038975i,0.50065-0.067095i,0.50052-0.049253i,0.49922-0.050498i,0.50052-0.03045i,0.49974-0.032033i,0.49987-0.028983i,0.49883-0.0095056i,0.49987-0.022716i,0.49961-0.053885i
timestamp,08:40:58.787,is_stable,0,duration,-1,zeros,0.49896+0.004028i,0.50065+0.036277i,0.49935+0.030303i,0.50013+0.012371i,0.49935+0.0080457i,0.50091+0.0018588i,0.50143+0.010925i,0.50124-0.031889i,0.49987+0.0059834i,0.5013+0.0095861i,0.49987+0.009693i,0.49974+0.026902i,0.50091+0.046374i,0.50026+0.032259i,0.49974+0.034321i,0.50026+0.028549i,0.49948+0.0019657i,0.50143-0.00020351i,0.50189-0.014064i,0.50052-0.0021589i,0.50104-0.0042212i,0.50065-0.008239i,0.50013-0.0061767i,0.50085-0.017359i,0.50143-0.011332i,0.50065-0.015658i,0.49928-0.018591i,0.50098-0.01231i,0.50013-0.0098863i,0.50046-0.028796i,0.50137-0.03055i,0.50104-0.052446i,0.50052-0.054094i,0.50052-0.042965i,0.5002-0.038894i,0.50065-0.041626i,0.49948-0.020292i,0.49974-0.051i,0.49935-0.040179i
timestamp,16:33:57.548,is_stable,0,duration,-1,zeros,0.50078-0.024434i,0.50059+0.045922i,0.50117+0.012043i,0.50072-0.015748i,0.49961+0.02434i,0.49948+0.041712i,0.49993+0.018877i,0.50137+0.017625i,0.49883+0.065294i,0.49915+0.047175i,0.49928-0.014495i,0.50117+0.0057145i,0.49948+0.0037432i,0.50052+0.0039827i,0.50046+0.0095049i,0.49961-0.00097301i,0.50026+0.00075874i,0.50137+0.0081325i,0.49961+0.074965i,0.5+0.067145i,0.49993+0.072667i,0.49909+0.049533i,0.50085+0.071295i,0.49967+0.069443i,0.50026+0.038728i,0.49987+0.021236i,0.50098+0.031773i,0.49928+0.013982i,0.5015+0.016073i,0.49941+0.015594i,0.49954+0.033026i,0.5+0.035504i,0.49961+0.036996i,0.49954+0.039354i,0.50124-0.0093i,0.5002-0.0032114i,0.49954-0.0049431i,0.50046-0.028464i,0.50163-0.026613i,0.5002-0.012704i,0.50091-0.0070018i,0.49967-0.047629i,0.50182-0.030523i,0.50098-0.037837i,0.50059-0.036345i,0.50163-0.032941i,0.4998-0.039688i,0.50052-0.033987i,0.50007-0.055449i,0.49967-0.07927i
timestamp,16:34:37.307,is_stable,0,duration,-1,zeros,0.49902+0.038989i,0.50059+0.016253i,0.49928-0.057767i,0.49883+0.046424i,0.49941+0.03748i,0.49941-0.042683i,0.50052-0.01801i,0.50046-0.048933i,0.49987+9.1845e-05i,0.49896+0.0013858i,0.49974+0.0050483i,0.49954+0.0024626i,0.50124+0.018192i,0.4998+0.0092503i,0.50059+0.0028924i,0.50065+0.037155i,0.50046+0.011189i,0.49967+0.040928i,0.5+0.035217i,0.49922+0.044915i,0.49876-0.0011998i,0.50046-0.028892i,0.50007-0.054104i,0.50039-0.046455i,0.49941-0.056043i,0.4998-0.030831i,0.49896-0.0052944i,0.49922-0.028568i,0.50085-0.017041i,0.50176-0.014995i,0.5002-0.015639i,0.50039-0.019734i,0.49948-0.038481i
timestamp,16:35:29.147,is_stable,0,duration,-1,zeros,0.49935-0.0025153i,0.49974-0.0036866i,0.50104-0.0017739i,0.49909+0.00059238i,0.50078+0.015295i,0.49922+0.006019i,0.50052+0.0044415i,0.5+0.0071666i,0.50124+0.07268i,0.49961-0.012603i,0.49896-0.015305i,0.49961-0.019584i,0.49857-0.014134i,0.50026-0.016882i,0.49785-0.04049i,0.50065-0.018054i,0.50091-0.042103i,0.49922-0.0044517i,0.50104-0.0052641i,0.50091-0.00022003i,0.50065+0.0028877i,0.4987+0.0017637i,0.49922+0.0025288i,0.50078+0.018785i,0.49948+0.016872i,0.49987+0.0087205i,0.49987+0.012211i,0.49935+0.018426i,0.49974+0.024235i,0.49974+0.013765i,0.50065+0.020339i,0.49896+0.023088i,0.49909+0.021534i,0.4985+0.070409i,0.5002+0.050209i,0.49954+0.071939i,0.50085+0.04244i,0.50039-0.021927i,0.50078-0.026588i,0.50039-0.028907i,0.49896-0.060678i,0.49909-0.062232i,0.49961-0.033545i,0.50078-0.016117i,0.49935-0.023457i,0.49948-0.025011i,0.49883-0.041673i,0.49974-0.05953i
timestamp,16:36:06.514,is_stable,0,duration,-1,zeros,0.50072-0.042678i,0.49896-0.0050705i,0.5+0.038164i,0.49896+0.067732i,0.49974-0.059201i,0.50065-0.05736i,0.50052-0.044578i,0.49935-0.063001i,0.49935-0.014262i,0.50026-0.06116i,0.49987-0.012362i,0.50013+0.015888i,0.49948-0.0031705i,0.50013+0.0052714i,0.49961+0.0033713i,0.49857+0.031422i,0.49961+0.021572i,0.50013+0.023472i,0.50013+0.041672i,0.49896+0.032847i,0.49948+0.036264i,0.50078+0.03343i,0.49961+0.039772i,0.50078+0.034947i
timestamp,16:36:12.116,is_stable,0,duration,-1,zeros,0.49896+0.004028i,0.50065+0.036277i,0.49935+0.030303i,0.50013+0.012371i,0.49935+0.0080457i,0.50091+0.0018588i,0.50143+0.010925i,0.50124-0.031889i,0.49987+0.0059834i,0.5013+0.0095861i,0.49987+0.009693i,0.49974+0.026902i,0.50091+0.046374i,0.50026+0.032259i,0.49974+0.034321i,0.50026+0.028549i,0.49948+0.0019657i,0.50143-0.00020351i,0.50189-0.014064i,0.50052-0.0021589i,0.50104-0.0042212i,0.50065-0.008239i,0.50013-0.0061767i,0.50085-0.017359i,0.50143-0.011332i,0.50065-0.015658i,0.49928-0.018591i,0.50098-0.01231i,0.50013-0.0098863i,0.50046-0.028796i,0.50137-0.03055i,0.50104-0.052446i,0.50052-0.054094i,0.50052-0.042965i,0.5002-0.038894i,0.50065-0.041626i,0.49948-0.020292i,0.49974-0.051i,0.49935-0.040179i
timestamp,17:21:44.764,is_stable,0,duration,-1,zeros,0.50052+7.8077e-05i,0.49909-0.069425i,0.50013+0.010455i,0.50117+0.037191i,0.50078+0.020997i,0.49909+0.03686i,0.50059+0.052756i,0.50117+0.056171i,0.49935-0.048506i,0.5-0.011392i,0.49987-0.00097437i,0.50091-0.0027068i,0.49974+0.0018518i,0.50039+0.0085981i,0.50039+0.0029043i,0.50013+0.0047609i,0.50046+0.017624i,0.5002+0.01948i,0.49876+0.035385i,0.50046+0.046093i,0.50039+0.050353i,0.5002+0.027072i,0.50026+0.02471i,0.50137+0.032003i,0.50091+0.039048i,0.49922+0.056809i,0.50111+0.03386i,0.50091-0.0065026i,0.49928-0.071766i,0.50026-0.009453i,0.49987-0.0028723i,0.50143-0.0083178i,0.50013-0.019912i,0.50013-0.018014i,0.49909-0.023874i,0.50052-0.026493i,0.49987-0.046525i,0.50039-0.035055i,0.49974-0.055087i,0.50065-0.036911i,0.5002-0.070672i,0.50117-0.05391i,0.49948-0.057026i,0.50007-0.07354i
timestamp,17:26:06.389,is_stable,0,duration,-1,zeros,0.50124-0.047569i,0.49857+0.099449i,0.49818+0.064265i,0.50065+0.0089332i,0.50052+0.0071396i,0.49987-0.0018284i,0.50221+0.00065312i,0.50013+0.0017588i,0.50137-0.045776i,0.50098-0.041222i,0.49915+0.062815i,0.49831+0.066058i,0.5013+0.017901i,0.50026+0.0035524i,0.49896-0.014384i,0.4998-0.067299i,0.49863-0.053638i,0.49883-0.055915i,0.49967-0.049224i,0.50078-0.038945i,0.50072-0.034875i,0.49909-0.01259i,0.49954-0.021214i,0.49974-0.003622i,0.50208-0.0011405i
timestamp,17:32:58.378,is_stable,0,duration,-1,zeros,0.22878-0.00033227i,0.23021+0.05601i,0.11719+0.12151i,0.11608+0.010651i,0.22956+0.052943i,0.22982+0.05417i,0.22904+0.006405i,0.23073-0.010419i,0.46328+0.04905i,0.65508+0.01964i,0.65677-0.049835i,0.23138-0.58786i,0.22891-0.086085i,0.22904-0.026658i,0.22812-0.084155i,0.23001-0.023436i,0.11719-0.12085i,0.11706+0.0083629i,0.22891+0.014058i,0.23034+0.051113i,0.22917+0.034571i,0.22904+0.056i,0.22975+0.046975i,0.65475+0.02288i,0.65586+0.0022137i,0.65397+0.021005i,0.77995+0.012645i,0.65579+0.048701i,0.7791+0.3561i,0.77904-0.12628i,0.65417-0.027924i,0.4651-0.0080401i,0.46536-7.7195e-05i,0.46406-0.033205i,0.46458-0.023966i,0.46536-0.010106i,0.2306-0.58568i,0.23047-0.58952i,0.11667-0.35341i,0.23014-0.069938i,0.22767-0.073426i,0.22936-0.073769i,0.22956-0.029716i,0.22936-0.012726i,0.23203-0.0042853i,0.23125-0.0024549i,0.22943-0.011042i,0.23112-0.0058236i,0.23079-0.0087346i,0.22975-0.019152i,0.22852-0.018091i,0.22982-0.028489i,0.23014-0.025578i,0.22858-0.016406i,0.23034-0.031546i,0.23132-0.022813i,0.22904-0.04319i,0.23079-0.047309i,0.23001-0.06201i,0.22995-0.063719i,0.23132-0.055876i,0.23092-0.049451i,0.23073-0.043482i,0.23079-0.041798i,0.23125-0.035518i,0.2291-0.041506i,0.23001-0.067696i,0.1151-0.011096i,0.11667-0.12266i,0.11693+0.96265i,0.22943+0.58898i,0.23151+0.58456i,0.23177+0.582i,0.11797+0.11968i,0.11725+0.1232i,0.11549+0.0056592i,0.11647+0.0097357i,0.11576+0.0071706i,0.11667+0.0029135i,0.11673+0.0048825i,0.11712+0.0039673i,0.23047+0.010397i,0.22891+0.0030364i,0.22956+0.036411i,0.23034+0.034581i,0.22904+0.039468i,0.23014+0.040549i,0.22982+0.037638i,0.22891+0.069163i,0.23125+0.030609i,0.23001+0.042691i,0.23132+0.043314i,0.23001+0.020649i,0.2306+0.019276i,0.23053+0.017592i,0.22982+0.0045746i,0.22969+0.0012059i,0.22956-0.0021627i,0.46536+0.0099518i,0.4651+0.001989i,0.46615+0.0037534i,0.46589+0.0058195i,0.46458+0.0061213i,0.46432+0.0081874i,0.46471+0.028898i,0.46478+0.037033i,0.46471+0.0353i,0.4651+0.027239i,0.46484+0.015756i,0.46667+0.012993i,0.4651+0.012018i,0.65573+0.032461i,0.65579+0.034226i,0.65495+0.016111i,0.6541+0.0076461i,0.65573+0.01316i,0.65547+0.010927i,0.65658+0.011974i,0.65612+0.0092722i,0.6543+0.017765i,0.65417+0.014236i,0.65404+0.0058815i,0.65417-0.0011328i,0.65443+0.0019936i,0.77904+0.0084936i,0.77813+0.0061287i,0.77995+0.003714i,0.77949+0.0052107i,0.77995-0.0034305i,0.77904+0.0022422i,0.77904-0.00043698i,0.77995+0.0010348i,0.77747+0.12486i,0.77865+0.12324i,0.77884+0.35205i,0.7778+0.34984i,0.65547+0.5448i,0.65703+0.53907i,0.77995-0.0070027i,0.77995-0.0016444i,0.77995-0.0087888i,0.77786-0.11639i,0.7793-0.12408i,0.78021-0.12768i,0.65365+0.00011892i,0.65417-0.0029189i,0.65417-0.0064911i,0.65462-0.024063i,0.65417-0.013636i,0.65462-0.022277i,0.65417-0.0082772i,0.65417-0.011849i,0.65716-0.051494i,0.46589-0.0042095i,0.46432-0.0018416i,0.46406-0.018162i,0.46615-0.0062757i,0.46458-0.0039078i,0.46589-0.01591i,0.46406-0.031534i,0.46536-0.015121i,0.46536-0.030164i,0.46432-0.0219i,0.4651-0.028098i,0.46667-0.027123i,0.46562-0.013844i,0.46432-0.016885i,0.77826-0.35477i,0.77917-0.35619i,0.65677-0.53915i,0.65651-0.53701i,0.65469-0.53611i,0.65443-0.53397i
timestamp,18:17:34.983,is_stable,0,duration,-1,zeros,0.46504+0.017182i,0.11732-0.96727i,0.22786-0.59304i,0.11667+0.96467i,0.11517+0.97684i,0.46452+0.064523i,0.46562+0.014943i,0.65423-0.039711i,0.65488+0.015241i,0.65508+0.017418i,0.65671-0.022944i,0.65436-0.041263i,0.65508-0.01766i,0.65684-0.021452i,0.4638+0.0050318i,0.46608-0.0078917i,0.46497-0.0057731i,0.46387-0.016311i,0.46543-0.0096235i,0.46549-0.030966i,0.46426-0.03046i,0.6543-0.53281i,0.11576-0.96858i,0.11745-0.96374i,0.11523-0.97038i,0.11693-0.96555i,0.22917-0.59465i,0.11549+0.9748i,0.11745+0.96254i,0.23112+0.58593i,0.22871+0.60041i,0.46439+0.01545i,0.46413+0.024882i,0.46458+0.0020473i,0.46445+0.0067635i,0.46465+0.018674i,0.4653+0.020406i,0.46419+0.022524i,0.46478+0.061419i,0.46595+0.063271i,0.46367+0.047717i,0.65547+0.0042332i,0.65508-0.00012103i,0.65391+0.0043557i,0.65449+0.010887i,0.65566+0.0064103i,0.6543+0.0087098i,0.65605+0.028304i,0.65625+0.030481i,0.65684+0.013626i,0.65638+0.539i,0.65592+0.537i,0.65423+0.536i,0.65645-0.038342i,0.65664-0.036045i,0.65684-0.0039129i,0.65488-0.0022981i,0.65371+0.0021786i,0.65371-0.0095143i,0.65547-0.013306i,0.65566-0.011129i,0.65488-0.019837i,0.65573-0.02518i,0.65482-0.023567i,0.46602+0.0007946i,0.46491-0.003415i,0.46387-0.028967i,0.46452-0.027236i,0.46484-0.032698i,0.4653-0.017564i,0.46465-0.019295i,0.46439-0.047832i,0.65671-0.55423i,0.65391-0.53051i
timestamp,18:18:21.572,is_stable,0,duration,-1,zeros,0.11654-0.12594i,0.23047-0.045927i,0.22878-0.034935i,0.22988+0.036499i,0.22865+0.086325i,0.23047+0.034236i,0.46439-0.018723i,0.22923-0.045602i,0.23105-0.06155i,0.22962-0.060471i,0.22988-0.0035819i,0.11771-0.00055879i,0.11667+0.96931i,0.2291+0.049538i,0.11667+0.12239i,0.22839+0.084648i,0.46556+0.020172i,0.6543+0.0067408i,0.77975+0.00055749i,0.65371+0.52508i,0.77897-0.002214i,0.11647-0.96451i,0.11608-0.96843i,0.11758-0.96907i,0.1168-0.97691i,0.23066-0.59322i,0.23008-0.5855i,0.11784-0.12368i,0.11549-0.0093954i,0.22904-0.080086i,0.2293-0.077714i,0.22969-0.036229i,0.23099-0.025671i,0.22988-0.043663i,0.22956-0.057993i,0.22884-0.050773i,0.22891-0.053252i,0.2291-0.010584i,0.22943+0.00040518i,0.22923-0.0055206i,0.22943-0.012955i,0.23034-0.00088882i,0.22923-0.0021805i,0.23001+0.001482i,0.11549-0.011659i,0.11732-0.0018519i,0.11784+0.0028906i,0.11641+0.0011678i,0.11706+0.0048321i,0.11745+0.0015976i,0.11628+0.97107i,0.11628+0.96631i,0.11602+0.0089299i,0.11706+0.011623i,0.11771+0.12031i,0.11667+0.12553i,0.11771+0.12407i,0.22917+0.089052i,0.23021+0.087598i,0.22917+0.090308i,0.2291+0.066238i,0.22917+0.078376i,0.23008+0.062466i,0.22962+0.076473i,0.23014+0.059988i,0.2304+0.053415i,0.23132+0.045441i,0.22923+0.034561i,0.23021+0.044149i,0.22995+0.040701i,0.23099+0.047811i,0.22923+0.051261i,0.23079+0.051906i,0.23053+0.055139i,0.22923+0.02454i,0.23073+0.010963i,0.22936+0.026264i,0.23021+0.0040676i,0.46465+0.021466i,0.4653+0.023405i,0.46458+0.0072439i,0.46595+0.0053029i,0.46569+0.0018554i,0.46608+0.0070267i,0.65579-0.0065183i,0.65618+0.0069237i,0.65671-0.0027225i,0.65358+0.013801i,0.65742+0.052597i,0.65514+0.034487i,0.77917+0.0080637i,0.77845+0.0023283i,0.7806+0.0099498i,0.77962+0.0064855i,0.78034+0.012221i,0.77917+0.12308i,0.7806+0.12497i,0.65332+0.54394i,0.65547+0.54581i,0.65391+0.52739i,0.78021-0.0010208i,0.77806+0.00094252i,0.77923+0.0050997i,0.77799+0.0039065i,0.65671-0.044076i,0.65605-0.060965i,0.65723-0.045451i,0.6571-0.047175i,0.65605+0.0051999i,0.65684-0.00099869i,0.65566+2.8558e-05i,0.65579+0.0017523i,0.4651-0.012582i,0.46634-0.0028862i,0.46595-0.0013773i,0.46608+0.00034648i,0.46504-8.3291e-05i,0.46445-0.047922i,0.46445-0.041241i,0.46608-0.023034i,0.46602-0.027236i,0.46602-0.020556i,0.46504-0.016784i,0.46426-0.027127i,0.46452-0.04372i,0.77747-0.12421i,0.65534-0.53329i,0.65423-0.52616i,0.6554-0.53068i,0.65371-0.52987i,0.65332-0.52836i,0.65521-0.53852i
timestamp,18:19:37.912,is_stable,0,duration,-1,zeros,0.23086-0.089354i,0.22956-0.07152i,0.22982-0.069257i,0.23086-0.0060615i,0.22891+0.59483i,0.11576-0.0004832i,0.46471-0.021772i,0.46602+0.0055603i,0.65566-0.013898i,0.65495-0.0047184i,0.46445+0.016447i,0.22962-0.59015i,0.22956-0.046533i,0.23112-0.03295i,0.11654-0.0020213i,0.22793+0.077811i,0.22904+0.048891i,0.78008+0.016035i,0.77812-0.12043i,0.46484-0.0071537i,0.46465-0.011414i,0.46523-0.0050572i,0.22897-0.59226i,0.23053-0.58455i,0.23099-0.58175i,0.23034-0.081388i,0.23008-0.087816i,0.23021-0.065861i,0.23034-0.064729i,0.22956-0.063191i,0.22904-0.034402i,0.22982-0.044269i,0.23086-0.031049i,0.22956-0.021545i,0.22852-0.0014473i,0.23086-0.014391i,0.23112-0.0079624i,0.22969+0.0004102i,0.22891+0.0019483i,0.2293-0.0029854i,0.23021-0.015885i,0.2306-0.01249i,0.2293-0.027973i,0.22982-0.019281i,0.22904-0.026072i,0.11628+0.00080268i,0.22969+0.58561i,0.22969+0.58406i,0.22917+0.58661i,0.22943+0.59074i,0.23099+0.58928i,0.22969+0.58792i,0.23125+0.58801i,0.23073+0.58438i,0.11602+0.12544i,0.11549+0.0023407i,0.11732+0.0033744i,0.11576+0.0064506i,0.11497+0.0079887i,0.23021+0.025761i,0.22956+0.075839i,0.23086+0.074261i,0.22858+0.070042i,0.22982+0.072731i,0.22975+0.076998i,0.23053+0.071165i,0.23034+0.070006i,0.22969+0.056834i,0.22956+0.053419i,0.2293+0.055319i,0.22917+0.050023i,0.22982+0.047353i,0.23008+0.028794i,0.22943+0.027299i,0.22982+0.030694i,0.23008+0.0038058i,0.23073+0.0094651i,0.23112+0.017025i,0.22982+0.0057067i,0.4651+0.0028099i,0.46471+0.0071378i,0.46536-7.5401e-05i,0.46354+0.00084822i,0.46549-0.001518i,0.46341+0.0022909i,0.46497+0.0042525i,0.46458+0.0085804i,0.46523+0.020641i,0.46562+0.022737i,0.46491+0.01461i,0.65625+0.037229i,0.65391+0.0063779i,0.65378-0.0015381i,0.65521-0.0012905i,0.65534+0.00042351i,0.6556+0.0038515i,0.65573+0.0055654i,0.65469+0.016662i,0.78008-0.0097401i,0.77812+0.0032928i,0.77969+0.0016299i,0.78008+0.0083023i,0.7793+0.00011253i,0.77852+0.0048102i,0.78008+0.0057248i,0.78008+0.013457i,0.65566+0.026416i,0.65703+0.047513i,0.77773+0.35573i,0.77858+0.35712i,0.77891-0.0039823i,0.78047-0.0030677i,0.78086-0.0015504i,0.77969-0.0061025i,0.7793-0.0076199i,0.77852-0.010655i,0.77891-0.12255i,0.65417-0.015002i,0.65488-0.011777i,0.65365-0.0032521i,0.65482-0.0064324i,0.65501-0.010063i,0.46628-0.010174i,0.46602-0.013713i,0.46484-0.03872i,0.46615-0.0087312i,0.46478-0.012857i,0.46445-0.0028258i,0.46621-0.019089i,0.46562-0.01581i,0.46458-0.02033i,0.46452-0.02282i,0.46478-0.024072i,0.46406-0.049327i,0.46328-0.063487i
timestamp,18:20:49.045,is_stable,0,duration,-1,zeros,0.11719-0.97596i,0.11927-0.349i,0.23008+0.035161i,0.2291-0.017801i,0.11758-0.0021243i,0.46458+0.0062403i,0.65658+0.023976i,0.11608-0.97398i,0.23021-0.58728i,0.22923-0.037607i,0.23086-0.024117i,0.23086-0.014751i,0.22884-0.010968i,0.11523-0.0061907i,0.22891+0.017762i,0.22891+0.042361i,0.22943+0.013462i,0.23001+0.01682i,0.22936+0.015171i,0.23086+0.013346i,0.23073+0.0073964i,0.22917+0.0015636i,0.23086+0.0039801i,0.46549-0.017674i,0.4651-0.021474i,0.65508-0.018632i,0.65618+0.0038314i,0.65417-0.0040835i,0.65605+0.039948i,0.46367+0.011423i,0.46536+0.0044739i,0.6556-0.53504i,0.65417-0.52857i,0.65443-0.52673i,0.11686-0.97183i,0.11634-0.97728i,0.22995-0.58905i,0.22917-0.58391i,0.22943-0.58215i,0.1181-0.35054i,0.11549-0.36031i,0.11641-0.12177i,0.11758-0.12058i,0.2291-0.04824i,0.23092-0.04924i,0.23014-0.056839i,0.22949-0.058489i,0.23079-0.045823i,0.22904-0.046532i,0.23001-0.044057i,0.23027-0.050889i,0.22897-0.035458i,0.22982-0.010835i,0.2304-0.026209i,0.23021-0.021084i,0.22995-0.00020285i,0.22917-0.0078021i,0.22904-0.0090687i,0.22923-0.0048274i,0.2293-0.0018527i,0.22845-0.019451i,0.22956-0.022734i,0.11562-0.011336i,0.11439-0.0050575i,0.1168-0.0097236i,0.11621-0.0083988i,0.11693-0.0037742i,0.11523-0.0038493i,0.11686-0.0067489i,0.11758+0.96329i,0.1168-0.00035789i,0.11667+0.0030584i,0.11745+0.001292i,0.22943+0.044261i,0.2304+0.042086i,0.23066+0.047586i,0.23177+0.028411i,0.22969+0.037561i,0.23008+0.024478i,0.23021+0.021062i,0.23021+0.0023302i,0.23008+0.0057466i,0.22995+0.0091629i,0.22884+0.01947i,0.22943+0.022828i,0.22988-0.0031776i,0.4653-0.050012i,0.4638-0.001359i,0.46348-0.016232i,0.46484-0.019324i,0.46595-0.020265i,0.4651-0.0074249i,0.46523-0.010841i,0.46341-0.014524i,0.46589-0.0091914i,0.46602-0.003242i,0.46458-0.0031254i,0.46543-0.048746i,0.46426-0.027365i,0.78086-0.012694i,0.77956-0.011311i,0.7806-0.01991i,0.65501-0.0075581i,0.65664-0.040896i,0.65501-0.021607i,0.65586-0.011033i,0.65573-0.016982i,0.65566-0.019957i,0.65586-0.048496i,0.65495-0.015216i,0.65508-0.027998i,0.65436-0.009208i,0.65391-0.0066166i,0.65443-0.010916i,0.65332-0.0052918i,0.65495-0.0011671i,0.65514+0.00073037i,0.65645+0.0016863i,0.65462+0.0050205i,0.65384+0.011456i,0.65423+0.043282i,0.65632+0.026121i,0.65579+0.042093i,0.6543+0.013542i,0.65436+0.0071656i,0.65742+0.057889i,0.46445+0.00029091i,0.46523+0.0078902i,0.46465+0.009215i,0.46589+0.014223i,0.46361+0.013131i,0.4653+0.010865i,0.77852-0.35081i,0.65612-0.5258i,0.65521-0.53781i,0.65612-0.53688i,0.77891-0.35497i,0.77943-0.35657i,0.77799-0.34921i,0.65404-0.54058i,0.65573-0.53965i
timestamp,18:21:39.104,is_stable,0,duration,-1,zeros,0.46497+0.0047825i,0.6541+0.030559i,0.22982+0.58986i,0.23125-0.012798i,0.4653+0.0081306i,0.65482+0.037925i,0.65514-0.0069517i,0.65612-0.034004i,0.46393+0.0026802i,0.11504-0.98323i,0.23008-0.015047i,0.22956-0.012985i,0.22923+0.0076469i,0.22943+0.002104i,0.46432+0.0066979i,0.46458+0.0266i,0.46543+0.0094698i,0.65495+0.039265i,0.65423+0.031899i,0.77793+0.00086095i,0.65482-0.017719i,0.65404-0.0034968i,0.65443+0.0042306i,0.11628-0.97591i,0.11608-0.96563i,0.11615-0.96276i,0.11699-0.97266i,0.11654-0.96443i,0.11777-0.97599i,0.11589-0.97424i,0.23001-0.05957i,0.22871-0.065675i,0.22936-0.063881i,0.23034-0.057414i,0.22936+0.0039517i,0.22962-0.0034388i,0.11536+0.97427i,0.11615+0.97228i,0.11615+0.96356i,0.11693+0.96156i,0.22917+0.5916i,0.23099+0.06428i,0.22845+0.029818i,0.22956-0.0015912i,0.23138-6.5132e-05i,0.23132+0.0017825i,0.22917+0.0094945i,0.46471+0.010716i,0.46419+0.022582i,0.46348+0.023828i,0.46361+0.025167i,0.46432+0.036242i,0.46393+0.028515i,0.65423+0.0059313i,0.65488+0.0089179i,0.65612+0.010512i,0.6554+0.0068556i,0.65534+0.0024764i,0.65482+0.015668i,0.65436+0.018399i,0.6556+0.012574i,0.65527+0.016645i,0.65579+0.033131i,0.6556+0.034832i,0.6556+0.045961i,0.65573+0.0473i,0.65586+0.030091i,0.65638+0.028029i,0.7793+8.4457e-05i,0.77839+0.0059376i,0.77812+0.00761i,0.77891+0.002593i,0.77969-0.002424i,0.77832-0.0016475i,0.77995-0.0040964i,0.77839-0.12471i,0.65573-0.015764i,0.65534-0.019781i,0.6541-0.013956i,0.65495-0.0015413i,0.65443+0.00052095i,0.65495-0.005251i,0.65553-0.014063i,0.65592-0.036013i,0.65378-0.021014i,0.46465+0.0014344i,0.46354-0.0013375i,0.46452+9.5124e-05i,0.46595-0.0023965i,0.46654-0.0049816i,0.46426-0.0025834i,0.46582-0.0037358i,0.46556-0.0064143i,0.46543-0.0077535i,0.46393-0.023155i
timestamp,18:22:12.256,is_stable,0,duration,-1,zeros,0.23073-0.58418i,0.11536-0.0086247i,0.22995+0.052611i,0.78145+0.0035826i,0.11556-0.0035237i,0.11667-0.0079977i,0.46549-0.017826i,0.78027+0.0020258i,0.65312+0.52572i,0.46615-0.0053855i,0.46484-0.028368i,0.46523-0.0007855i,0.22917-0.59252i,0.22865-0.60607i,0.22995-0.0016889i,0.22943-0.0086377i,0.23138-0.025533i,0.11699-0.010623i,0.11686-0.0028967i,0.11549-0.005224i,0.11576+0.0065677i,0.11745+0.0012798i,0.2304+0.069465i,0.23047+0.050614i,0.2293+0.058488i,0.22962+0.065696i,0.22904+0.022967i,0.46445+0.010478i,0.46471+0.033295i,0.46549+0.014439i,0.65508-0.029699i,0.65488-0.0021536i,0.65449+0.017504i,0.65527+0.022479i,0.65365+0.52363i,0.46589-0.026304i,0.46484-0.0093883i,0.46419-0.012339i,0.46393-0.014278i,0.46419-0.063583i,0.11797-0.96713i,0.11556-0.97785i,0.23177-0.57861i,0.23229-0.57583i,0.22839-0.59454i,0.22891-0.59607i,0.23021-0.58696i,0.22865-0.60822i,0.11576-0.35838i,0.22943-0.045454i,0.22995-0.071481i,0.22995-0.062278i,0.2306-0.064713i,0.22982-0.0034261i,0.23125-0.0088615i,0.22878-0.017324i,0.2306-0.017547i,0.23138-0.0071243i,0.22956-0.0069005i,0.22956-0.019173i,0.23125-0.045678i,0.22891-0.027859i,0.22956-0.043717i,0.23138-0.043941i,0.2306-0.02982i,0.22878-0.029596i,0.23073-0.028082i,0.23086-0.032481i,0.22852-0.014662i,0.1153-0.010325i,0.11673-0.0062973i,0.11497+0.12663i,0.11549+0.12286i,0.11549+0.0097472i,0.11732+0.0095234i,0.11569-0.00012302i,0.11693-0.0011963i,0.11582+0.0049411i,0.11576+0.0015773i,0.22917+0.0062963i,0.23021+0.0017855i,0.22904+0.0045591i,0.22917+0.027773i,0.2306+0.019269i,0.2293+0.02951i,0.22982+0.033391i,0.23092+0.067468i,0.22969+0.046845i,0.22891+0.056604i,0.22904+0.035813i,0.22943+0.037697i,0.23112+0.013946i,0.23099+0.012209i,0.22995+0.025924i,0.22917+0.024705i,0.23008+0.035201i,0.23021+0.044848i,0.23034+0.061259i,0.22988+0.079762i,0.23086+0.059263i,0.22878+0.0010847i,0.2306+0.006997i,0.23073+0.0087342i,0.23034+0.0035226i,0.22865-0.00065245i,0.4651+0.0020407i,0.46589+0.00026695i,0.46445+0.0085801i,0.46576-0.0026007i,0.46576+0.0030932i,0.46562+0.024899i,0.46361+0.019359i,0.46536+0.019164i,0.46536+0.02296i,0.46549+0.016337i,0.46549+0.0049497i,0.46445+0.0047842i,0.46406+0.039834i,0.46432+0.041773i,0.46523+0.044765i,0.46549+0.042909i,0.46445+0.031355i,0.65488+0.015563i,0.65488+0.042137i,0.65547-0.00063698i,0.65449+0.0042172i,0.6543+0.00075893i,0.65547+0.0082212i,0.65488+0.0022755i,0.65586+0.0062795i,0.65566+0.024967i,0.65605+0.018596i,0.77617+0.00026784i,0.77676-0.0026447i,0.77793-0.0010878i,0.77734+0.0018247i,0.78027+0.0094076i,0.65495+0.5358i,0.65612+0.54197i,0.6556+0.53971i,0.65443+0.53354i,0.78086-0.01565i,0.7791-0.014295i,0.65527-0.0040952i,0.65488-0.011012i,0.65449-0.0090701i,0.65605-0.0079786i,0.4651-0.020735i,0.46628-0.019599i,0.4651-0.011245i,0.46615-0.0091814i,0.46471-0.0065621i,0.46367-0.037095i,0.46393-0.035155i,0.46497-0.031194i,0.46458-0.026511i,0.46484-0.022674i,0.46549-0.029213i,0.65443-0.53032i
timestamp,18:23:37.348,is_stable,0,duration,-1,zeros,0.22956+0.059675i,0.65547+0.5379i,0.7776-0.004853i,0.23112-0.0082118i,0.22956-0.029735i,0.23105-0.014076i,0.11497+0.0012742i,0.11634+0.00023819i,0.23151-0.002831i,0.22826+0.011936i,0.77871+0.35282i,0.65404+0.52401i,0.65378+0.526i,0.65586+0.54907i,0.65521+0.0072361i,0.46536-0.00027988i,0.46471-0.0092479i,0.4651-0.0038671i,0.22917-0.59163i,0.22884-0.5934i,0.2293-0.053191i,0.22949-0.055468i,0.23177+0.0007562i,0.22943-0.0017253i,0.22949-0.020697i,0.23092-0.015869i,0.23099-0.010005i,0.23138-0.0046246i,0.23001-0.038359i,0.22943-0.031529i,0.22962-0.018904i,0.22936-0.017524i,0.11471-0.002313i,0.11458-0.0041066i,0.11621-0.0015554i,0.11589+0.97622i,0.23034+0.59177i,0.2293+0.59523i,0.23021+0.58941i,0.22786+0.598i,0.22812+0.59633i,0.1151+0.0030678i,0.22956+6.8283e-05i,0.23066+0.0053795i,0.23053+0.0035859i,0.22839+0.013729i,0.22891+0.0060019i,0.22832+0.0078651i,0.22943+0.057881i,0.22865+0.076923i,0.2319+0.0025498i,0.77995+0.35i,0.77858+0.35079i,0.78021+0.35393i,0.65508+0.5354i,0.77786-0.0010553i,0.77826+0.0046413i,0.77982-0.0035554i,0.77799+0.00084361i,0.77747-0.0067519i,0.77995-0.0016566i,0.77721-0.01055i,0.65651-0.035742i,0.65677-0.00096072i,0.65443-0.0041572i,0.65378-0.013651i,0.65495+0.0034383i,0.65456-0.0022583i,0.65534+0.0091349i,0.65482+0.0015395i,0.6569+0.00093815i,0.65501+0.014715i,0.65677+0.030022i,0.6556+0.012933i,0.6569+0.031921i,0.65365+0.010269i,0.65378+0.012168i,0.46615+0.010482i,0.46628+0.012275i,0.46354+0.034216i,0.46341+0.032423i,0.46439+0.030973i,0.46387-0.0010374i,0.46549+0.0015137i,0.46374-0.002831i,0.46497-0.0056607i,0.46458-0.011041i,0.46523-0.021942i,0.46367-0.043466i,0.46387-0.045742i,0.65365-0.01555i,0.65339-0.53362i,0.65423-0.52803i,0.65319-0.53176i
timestamp,18:24:08.042,is_stable,0,duration,-1,zeros,0.46445+0.0027056i,0.46484+0.013156i,0.65521-0.028054i,0.77767+0.00090694i,0.77917-0.35163i,0.46406+0.015752i,0.46445+0.011517i,0.46445+0.0085798i,0.65469-0.001283i,0.65417+0.00052301i,0.78034+0.0054167i,0.23047-0.58294i,0.23112-0.58488i,0.11699+0.9572i,0.11725+0.96138i,0.11543+0.97031i,0.22865+0.59487i,0.23255+0.58599i,0.23073+0.58777i,0.23177+0.58422i,0.22995+0.075207i,0.23008+0.060148i,0.22865+0.076285i,0.22969+0.062607i,0.22904+0.073826i,0.46406+0.0069404i,0.46445+0.017391i,0.46406+0.033374i,0.46406+0.050997i,0.46523+0.0089214i,0.46445-0.00023154i,0.46484+0.0043449i,0.46523+0.00011012i,0.46406-0.0018709i,0.46445-0.017854i,0.46497-0.038856i,0.46432-0.036769i,0.65469-0.010094i,0.65521-0.0060262i,0.65469+0.0075283i,0.65573-0.001958i,0.65417+0.0093343i,0.65469-0.0042201i,0.65417-0.0082883i,0.65417-0.025911i,0.65729-0.038216i,0.65677-0.03641i,0.77865+0.0060527i,0.78001+0.0037014i,0.77936+0.00027092i,0.77995-0.010975i,0.77904-0.0014443i,0.78008-0.35579i,0.77839-0.35321i,0.77852-0.34995i,0.77943-0.3541i
timestamp,18:26:36.966,is_stable,0,duration,-1,zeros,0.4638+0.035993i,0.65425+0.53118i,0.65401+0.5277i,0.23053+0.024132i,0.46523+0.041139i,0.65354+0.53554i,0.78003-0.0060838i,0.7778-0.00074464i,0.11613-0.96585i,0.22887-0.045762i,0.22874-0.0033967i,0.22996+0.003753i,0.22882-0.011756i,0.4638+0.011704i,0.4651+0.010494i,0.65354+0.52938i,0.77929+0.35229i,0.65549+0.056065i,0.77923+0.00035326i,0.4638-0.012585i,0.11651-0.96441i,0.11666-0.96886i,0.11768-0.9675i,0.22911-0.043801i,0.22969-0.036047i,0.22953-0.019328i,0.23065-0.0010318i,0.2288-0.010363i,0.22872-0.0020034i,0.11581-0.017889i,0.11623+0.00029144i,0.11781+0.96434i,0.11769+0.96804i,0.11705+0.96947i,0.1179+0.9632i,0.11768+0.9615i,0.1175+0.001868i,0.11611+0.0040688i,0.22864+0.031604i,0.23041+0.027909i,0.23005+0.039241i,0.23067+0.030192i,0.23132+0.040818i,0.22866+0.0049629i,0.22869+0.0021764i,0.22865+0.0063562i,0.2287+0.00078314i,0.23063+0.00036144i,0.46497+0.0041378i,0.46445+0.0030025i,0.46601+0.030697i,0.46393+0.0383i,0.46536+0.039398i,0.46471+0.031907i,0.46614+0.028957i,0.46549+0.021466i,0.46497+0.0081859i,0.65307+0.52612i,0.65566+0.5348i,0.77961+0.010712i,0.77907+0.0085595i,0.77828-0.0023006i,0.78066-0.0043145i,0.78019-0.0027586i,0.46549-0.0028232i,0.46588+5.2278e-05i,0.46393-0.010277i,0.46432-0.0033535i,0.46601-0.001688i,0.46458+0.0012623i,0.46419-0.0056614i,0.46471-0.016671i,0.46601-0.01788i,0.46367-0.059422i,0.65433-0.53168i,0.65529-0.53544i,0.65551-0.53352i
timestamp,18:26:50.402,is_stable,0,duration,-1,zeros,0.4638+0.035993i,0.65425+0.53118i,0.65401+0.5277i,0.23053+0.024132i,0.46523+0.041139i,0.65354+0.53554i,0.78003-0.0060838i,0.7778-0.00074464i,0.11613-0.96585i,0.22887-0.045762i,0.22874-0.0033967i,0.22996+0.003753i,0.22882-0.011756i,0.4638+0.011704i,0.4651+0.010494i,0.65354+0.52938i,0.77929+0.35229i,0.65549+0.056065i,0.77923+0.00035326i,0.4638-0.012585i,0.11651-0.96441i,0.11666-0.96886i,0.11768-0.9675i,0.22911-0.043801i,0.22969-0.036047i,0.22953-0.019328i,0.23065-0.0010318i,0.2288-0.010363i,0.22872-0.0020034i,0.11581-0.017889i,0.11623+0.00029144i,0.11781+0.96434i,0.11769+0.96804i,0.11705+0.96947i,0.1179+0.9632i,0.11768+0.9615i,0.1175+0.001868i,0.11611+0.0040688i,0.22864+0.031604i,0.23041+0.027909i,0.23005+0.039241i,0.23067+0.030192i,0.23132+0.040818i,0.22866+0.0049629i,0.22869+0.0021764i,0.22865+0.0063562i,0.2287+0.00078314i,0.23063+0.00036144i,0.46497+0.0041378i,0.46445+0.0030025i,0.46601+0.030697i,0.46393+0.0383i,0.46536+0.039398i,0.46471+0.031907i,0.46614+0.028957i,0.46549+0.021466i,0.46497+0.0081859i,0.65307+0.52612i,0.65566+0.5348i,0.77961+0.010712i,0.77907+0.0085595i,0.77828-0.0023006i,0.78066-0.0043145i,0.78019-0.0027586i,0.46549-0.0028232i,0.46588+5.2278e-05i,0.46393-0.010277i,0.46432-0.0033535i,0.46601-0.001688i,0.46458+0.0012623i,0.46419-0.0056614i,0.46471-0.016671i,0.46601-0.01788i,0.46367-0.059422i,0.65433-0.53168i,0.65529-0.53544i,0.65551-0.53352i
timestamp,18:28:12.429,is_stable,0,duration,-1,zeros,0.4638+0.035993i,0.65425+0.53118i,0.65401+0.5277i,0.23053+0.024132i,0.46523+0.041139i,0.65354+0.53554i,0.78003-0.0060838i,0.7778-0.00074464i,0.11613-0.96585i,0.22887-0.045762i,0.22874-0.0033967i,0.22996+0.003753i,0.22882-0.011756i,0.4638+0.011704i,0.4651+0.010494i,0.65354+0.52938i,0.77929+0.35229i,0.65549+0.056065i,0.77923+0.00035326i,0.4638-0.012585i,0.11651-0.96441i,0.11666-0.96886i,0.11768-0.9675i,0.22911-0.043801i,0.22969-0.036047i,0.22953-0.019328i,0.23065-0.0010318i,0.2288-0.010363i,0.22872-0.0020034i,0.11581-0.017889i,0.11623+0.00029144i,0.11781+0.96434i,0.11769+0.96804i,0.11705+0.96947i,0.1179+0.9632i,0.11768+0.9615i,0.1175+0.001868i,0.11611+0.0040688i,0.22864+0.031604i,0.23041+0.027909i,0.23005+0.039241i,0.23067+0.030192i,0.23132+0.040818i,0.22866+0.0049629i,0.22869+0.0021764i,0.22865+0.0063562i,0.2287+0.00078314i,0.23063+0.00036144i,0.46497+0.0041378i,0.46445+0.0030025i,0.46601+0.030697i,0.46393+0.0383i,0.46536+0.039398i,0.46471+0.031907i,0.46614+0.028957i,0.46549+0.021466i,0.46497+0.0081859i,0.65307+0.52612i,0.65566+0.5348i,0.77961+0.010712i,0.77907+0.0085595i,0.77828-0.0023006i,0.78066-0.0043145i,0.78019-0.0027586i,0.46549-0.0028232i,0.46588+5.2278e-05i,0.46393-0.010277i,0.46432-0.0033535i,0.46601-0.001688i,0.46458+0.0012623i,0.46419-0.0056614i,0.46471-0.016671i,0.46601-0.01788i,0.46367-0.059422i,0.65433-0.53168i,0.65529-0.53544i,0.65551-0.53352i
timestamp,18:28:34.905,is_stable,0,duration,-1,zeros,0.4638+0.035993i,0.65425+0.53118i,0.65401+0.5277i,0.23053+0.024132i,0.46523+0.041139i,0.65354+0.53554i,0.78003-0.0060838i,0.7778-0.00074464i,0.11613-0.96585i,0.22887-0.045762i,0.22874-0.0033967i,0.22996+0.003753i,0.22882-0.011756i,0.4638+0.011704i,0.4651+0.010494i,0.65354+0.52938i,0.77929+0.35229i,0.65549+0.056065i,0.77923+0.00035326i,0.4638-0.012585i,0.11651-0.96441i,0.11666-0.96886i,0.11768-0.9675i,0.22911-0.043801i,0.22969-0.036047i,0.22953-0.019328i,0.23065-0.0010318i,0.2288-0.010363i,0.22872-0.0020034i,0.11581-0.017889i,0.11623+0.00029144i,0.11781+0.96434i,0.11769+0.96804i,0.11705+0.96947i,0.1179+0.9632i,0.11768+0.9615i,0.1175+0.001868i,0.11611+0.0040688i,0.22864+0.031604i,0.23041+0.027909i,0.23005+0.039241i,0.23067+0.030192i,0.23132+0.040818i,0.22866+0.0049629i,0.22869+0.0021764i,0.22865+0.0063562i,0.2287+0.00078314i,0.23063+0.00036144i,0.46497+0.0041378i,0.46445+0.0030025i,0.46601+0.030697i,0.46393+0.0383i,0.46536+0.039398i,0.46471+0.031907i,0.46614+0.028957i,0.46549+0.021466i,0.46497+0.0081859i,0.65307+0.52612i,0.65566+0.5348i,0.77961+0.010712i,0.77907+0.0085595i,0.77828-0.0023006i,0.78066-0.0043145i,0.78019-0.0027586i,0.46549-0.0028232i,0.46588+5.2278e-05i,0.46393-0.010277i,0.46432-0.0033535i,0.46601-0.001688i,0.46458+0.0012623i,0.46419-0.0056614i,0.46471-0.016671i,0.46601-0.01788i,0.46367-0.059422i,0.65433-0.53168i,0.65529-0.53544i,0.65551-0.53352i
timestamp,18:48:56.783,is_stable,0,duration,-1,zeros,0.4638+0.035993i,0.65425+0.53118i,0.65401+0.5277i,0.23053+0.024132i,0.46523+0.041139i,0.65354+0.53554i,0.78003-0.0060838i,0.7778-0.00074464i,0.11613-0.96585i,0.22887-0.045762i,0.22874-0.0033967i,0.22996+0.003753i,0.22882-0.011756i,0.4638+0.011704i,0.4651+0.010494i,0.65354+0.52938i,0.77929+0.35229i,0.65549+0.056065i,0.77923+0.00035326i,0.4638-0.012585i,0.11651-0.96441i,0.11666-0.96886i,0.11768-0.9675i,0.22911-0.043801i,0.22969-0.036047i,0.22953-0.019328i,0.23065-0.0010318i,0.2288-0.010363i,0.22872-0.0020034i,0.11581-0.017889i,0.11623+0.00029144i,0.11781+0.96434i,0.11769+0.96804i,0.11705+0.96947i,0.1179+0.9632i,0.11768+0.9615i,0.1175+0.001868i,0.11611+0.0040688i,0.22864+0.031604i,0.23041+0.027909i,0.23005+0.039241i,0.23067+0.030192i,0.23132+0.040818i,0.22866+0.0049629i,0.22869+0.0021764i,0.22865+0.0063562i,0.2287+0.00078314i,0.23063+0.00036144i,0.46497+0.0041378i,0.46445+0.0030025i,0.46601+0.030697i,0.46393+0.0383i,0.46536+0.039398i,0.46471+0.031907i,0.46614+0.028957i,0.46549+0.021466i,0.46497+0.0081859i,0.65307+0.52612i,0.65566+0.5348i,0.77961+0.010712i,0.77907+0.0085595i,0.77828-0.0023006i,0.78066-0.0043145i,0.78019-0.0027586i,0.46549-0.0028232i,0.46588+5.2278e-05i,0.46393-0.010277i,0.46432-0.0033535i,0.46601-0.001688i,0.46458+0.0012623i,0.46419-0.0056614i,0.46471-0.016671i,0.46601-0.01788i,0.46367-0.059422i,0.65433-0.53168i,0.65529-0.53544i,0.65551-0.53352i
timestamp,18:49:29.060,is_stable,0,duration,-1,zeros,0.4638+0.035993i,0.65425+0.53118i,0.65401+0.5277i,0.23053+0.024132i,0.46523+0.041139i,0.65354+0.53554i,0.78003-0.0060838i,0.7778-0.00074464i,0.11613-0.96585i,0.22887-0.045762i,0.22874-0.0033967i,0.22996+0.003753i,0.22882-0.011756i,0.4638+0.011704i,0.4651+0.010494i,0.65354+0.52938i,0.77929+0.35229i,0.65549+0.056065i,0.77923+0.00035326i,0.4638-0.012585i,0.11651-0.96441i,0.11666-0.96886i,0.11768-0.9675i,0.22911-0.043801i,0.22969-0.036047i,0.22953-0.019328i,0.23065-0.0010318i,0.2288-0.010363i,0.22872-0.0020034i,0.11581-0.017889i,0.11623+0.00029144i,0.11781+0.96434i,0.11769+0.96804i,0.11705+0.96947i,0.1179+0.9632i,0.11768+0.9615i,0.1175+0.001868i,0.11611+0.0040688i,0.22864+0.031604i,0.23041+0.027909i,0.23005+0.039241i,0.23067+0.030192i,0.23132+0.040818i,0.22866+0.0049629i,0.22869+0.0021764i,0.22865+0.0063562i,0.2287+0.00078314i,0.23063+0.00036144i,0.46497+0.0041378i,0.46445+0.0030025i,0.46601+0.030697i,0.46393+0.0383i,0.46536+0.039398i,0.46471+0.031907i,0.46614+0.028957i,0.46549+0.021466i,0.46497+0.0081859i,0.65307+0.52612i,0.65566+0.5348i,0.77961+0.010712i,0.77907+0.0085595i,0.77828-0.0023006i,0.78066-0.0043145i,0.78019-0.0027586i,0.46549-0.0028232i,0.46588+5.2278e-05i,0.46393-0.010277i,0.46432-0.0033535i,0.46601-0.001688i,0.46458+0.0012623i,0.46419-0.0056614i,0.46471-0.016671i,0.46601-0.01788i,0.46367-0.059422i,0.65433-0.53168i,0.65529-0.53544i,0.65551-0.53352i
timestamp,18:50:12.282,is_stable,0,duration,-1,zeros,0.4638+0.035993i,0.65425+0.53118i,0.65401+0.5277i,0.23053+0.024132i,0.46523+0.041139i,0.65354+0.53554i,0.78003-0.0060838i,0.7778-0.00074464i,0.11613-0.96585i,0.22887-0.045762i,0.22874-0.0033967i,0.22996+0.003753i,0.22882-0.011756i,0.4638+0.011704i,0.4651+0.010494i,0.65354+0.52938i,0.77929+0.35229i,0.65549+0.056065i,0.77923+0.00035326i,0.4638-0.012585i,0.11651-0.96441i,0.11666-0.96886i,0.11768-0.9675i,0.22911-0.043801i,0.22969-0.036047i,0.22953-0.019328i,0.23065-0.0010318i,0.2288-0.010363i,0.22872-0.0020034i,0.11581-0.017889i,0.11623+0.00029144i,0.11781+0.96434i,0.11769+0.96804i,0.11705+0.96947i,0.1179+0.9632i,0.11768+0.9615i,0.1175+0.001868i,0.11611+0.0040688i,0.22864+0.031604i,0.23041+0.027909i,0.23005+0.039241i,0.23067+0.030192i,0.23132+0.040818i,0.22866+0.0049629i,0.22869+0.0021764i,0.22865+0.0063562i,0.2287+0.00078314i,0.23063+0.00036144i,0.46497+0.0041378i,0.46445+0.0030025i,0.46601+0.030697i,0.46393+0.0383i,0.46536+0.039398i,0.46471+0.031907i,0.46614+0.028957i,0.46549+0.021466i,0.46497+0.0081859i,0.65307+0.52612i,0.65566+0.5348i,0.77961+0.010712i,0.77907+0.0085595i,0.77828-0.0023006i,0.78066-0.0043145i,0.78019-0.0027586i,0.46549-0.0028232i,0.46588+5.2278e-05i,0.46393-0.010277i,0.46432-0.0033535i,0.46601-0.001688i,0.46458+0.0012623i,0.46419-0.0056614i,0.46471-0.016671i,0.46601-0.01788i,0.46367-0.059422i,0.65433-0.53168i,0.65529-0.53544i,0.65551-0.53352i
timestamp,18:50:18.842,is_stable,0,duration,-1,zeros,0.4638+0.035993i,0.65425+0.53118i,0.65401+0.5277i,0.23053+0.024132i,0.46523+0.041139i,0.65354+0.53554i,0.78003-0.0060838i,0.7778-0.00074464i,0.11613-0.96585i,0.22887-0.045762i,0.22874-0.0033967i,0.22996+0.003753i,0.22882-0.011756i,0.4638+0.011704i,0.4651+0.010494i,0.65354+0.52938i,0.77929+0.35229i,0.65549+0.056065i,0.77923+0.00035326i,0.4638-0.012585i,0.11651-0.96441i,0.11666-0.96886i,0.11768-0.9675i,0.22911-0.043801i,0.22969-0.036047i,0.22953-0.019328i,0.23065-0.0010318i,0.2288-0.010363i,0.22872-0.0020034i,0.11581-0.017889i,0.11623+0.00029144i,0.11781+0.96434i,0.11769+0.96804i,0.11705+0.96947i,0.1179+0.9632i,0.11768+0.9615i,0.1175+0.001868i,0.11611+0.0040688i,0.22864+0.031604i,0.23041+0.027909i,0.23005+0.039241i,0.23067+0.030192i,0.23132+0.040818i,0.22866+0.0049629i,0.22869+0.0021764i,0.22865+0.0063562i,0.2287+0.00078314i,0.23063+0.00036144i,0.46497+0.0041378i,0.46445+0.0030025i,0.46601+0.030697i,0.46393+0.0383i,0.46536+0.039398i,0.46471+0.031907i,0.46614+0.028957i,0.46549+0.021466i,0.46497+0.0081859i,0.65307+0.52612i,0.65566+0.5348i,0.77961+0.010712i,0.77907+0.0085595i,0.77828-0.0023006i,0.78066-0.0043145i,0.78019-0.0027586i,0.46549-0.0028232i,0.46588+5.2278e-05i,0.46393-0.010277i,0.46432-0.0033535i,0.46601-0.001688i,0.46458+0.0012623i,0.46419-0.0056614i,0.46471-0.016671i,0.46601-0.01788i,0.46367-0.059422i,0.65433-0.53168i,0.65529-0.53544i,0.65551-0.53352i
timestamp,18:51:59.654,is_stable,0,duration,-1,zeros,0.4638+0.035993i,0.65425+0.53118i,0.65401+0.5277i,0.23053+0.024132i,0.46523+0.041139i,0.65354+0.53554i,0.78003-0.0060838i,0.7778-0.00074464i,0.11613-0.96585i,0.22887-0.045762i,0.22874-0.0033967i,0.22996+0.003753i,0.22882-0.011756i,0.4638+0.011704i,0.4651+0.010494i,0.65354+0.52938i,0.77929+0.35229i,0.65549+0.056065i,0.77923+0.00035326i,0.4638-0.012585i,0.11651-0.96441i,0.11666-0.96886i,0.11768-0.9675i,0.22911-0.043801i,0.22969-0.036047i,0.22953-0.019328i,0.23065-0.0010318i,0.2288-0.010363i,0.22872-0.0020034i,0.11581-0.017889i,0.11623+0.00029144i,0.11781+0.96434i,0.11769+0.96804i,0.11705+0.96947i,0.1179+0.9632i,0.11768+0.9615i,0.1175+0.001868i,0.11611+0.0040688i,0.22864+0.031604i,0.23041+0.027909i,0.23005+0.039241i,0.23067+0.030192i,0.23132+0.040818i,0.22866+0.0049629i,0.22869+0.0021764i,0.22865+0.0063562i,0.2287+0.00078314i,0.23063+0.00036144i,0.46497+0.0041378i,0.46445+0.0030025i,0.46601+0.030697i,0.46393+0.0383i,0.46536+0.039398i,0.46471+0.031907i,0.46614+0.028957i,0.46549+0.021466i,0.46497+0.0081859i,0.65307+0.52612i,0.65566+0.5348i,0.77961+0.010712i,0.77907+0.0085595i,0.77828-0.0023006i,0.78066-0.0043145i,0.78019-0.0027586i,0.46549-0.0028232i,0.46588+5.2278e-05i,0.46393-0.010277i,0.46432-0.0033535i,0.46601-0.001688i,0.46458+0.0012623i,0.46419-0.0056614i,0.46471-0.016671i,0.46601-0.01788i,0.46367-0.059422i,0.65433-0.53168i,0.65529-0.53544i,0.65551-0.53352i
timestamp,18:52:11.831,is_stable,0,duration,-1,zeros,0.4638+0.035993i,0.65425+0.53118i,0.65401+0.5277i,0.23053+0.024132i,0.46523+0.041139i,0.65354+0.53554i,0.78003-0.0060838i,0.7778-0.00074464i,0.11613-0.96585i,0.22887-0.045762i,0.22874-0.0033967i,0.22996+0.003753i,0.22882-0.011756i,0.4638+0.011704i,0.4651+0.010494i,0.65354+0.52938i,0.77929+0.35229i,0.65549+0.056065i,0.77923+0.00035326i,0.4638-0.012585i,0.11651-0.96441i,0.11666-0.96886i,0.11768-0.9675i,0.22911-0.043801i,0.22969-0.036047i,0.22953-0.019328i,0.23065-0.0010318i,0.2288-0.010363i,0.22872-0.0020034i,0.11581-0.017889i,0.11623+0.00029144i,0.11781+0.96434i,0.11769+0.96804i,0.11705+0.96947i,0.1179+0.9632i,0.11768+0.9615i,0.1175+0.001868i,0.11611+0.0040688i,0.22864+0.031604i,0.23041+0.027909i,0.23005+0.039241i,0.23067+0.030192i,0.23132+0.040818i,0.22866+0.0049629i,0.22869+0.0021764i,0.22865+0.0063562i,0.2287+0.00078314i,0.23063+0.00036144i,0.46497+0.0041378i,0.46445+0.0030025i,0.46601+0.030697i,0.46393+0.0383i,0.46536+0.039398i,0.46471+0.031907i,0.46614+0.028957i,0.46549+0.021466i,0.46497+0.0081859i,0.65307+0.52612i,0.65566+0.5348i,0.77961+0.010712i,0.77907+0.0085595i,0.77828-0.0023006i,0.78066-0.0043145i,0.78019-0.0027586i,0.46549-0.0028232i,0.46588+5.2278e-05i,0.46393-0.010277i,0.46432-0.0033535i,0.46601-0.001688i,0.46458+0.0012623i,0.46419-0.0056614i,0.46471-0.016671i,0.46601-0.01788i,0.46367-0.059422i,0.65433-0.53168i,0.65529-0.53544i,0.65551-0.53352i
timestamp,18:59:18.998,is_stable,0,duration,-1,zeros,0.4638+0.035993i,0.65425+0.53118i,0.65401+0.5277i,0.23053+0.024132i,0.46523+0.041139i,0.65354+0.53554i,0.78003-0.0060838i,0.7778-0.00074464i,0.11613-0.96585i,0.22887-0.045762i,0.22874-0.0033967i,0.22996+0.003753i,0.22882-0.011756i,0.4638+0.011704i,0.4651+0.010494i,0.65354+0.52938i,0.77929+0.35229i,0.65549+0.056065i,0.77923+0.00035326i,0.4638-0.012585i,0.11651-0.96441i,0.11666-0.96886i,0.11768-0.9675i,0.22911-0.043801i,0.22969-0.036047i,0.22953-0.019328i,0.23065-0.0010318i,0.2288-0.010363i,0.22872-0.0020034i,0.11581-0.017889i,0.11623+0.00029144i,0.11781+0.96434i,0.11769+0.96804i,0.11705+0.96947i,0.1179+0.9632i,0.11768+0.9615i,0.1175+0.001868i,0.11611+0.0040688i,0.22864+0.031604i,0.23041+0.027909i,0.23005+0.039241i,0.23067+0.030192i,0.23132+0.040818i,0.22866+0.0049629i,0.22869+0.0021764i,0.22865+0.0063562i,0.2287+0.00078314i,0.23063+0.00036144i,0.46497+0.0041378i,0.46445+0.0030025i,0.46601+0.030697i,0.46393+0.0383i,0.46536+0.039398i,0.46471+0.031907i,0.46614+0.028957i,0.46549+0.021466i,0.46497+0.0081859i,0.65307+0.52612i,0.65566+0.5348i,0.77961+0.010712i,0.77907+0.0085595i,0.77828-0.0023006i,0.78066-0.0043145i,0.78019-0.0027586i,0.46549-0.0028232i,0.46588+5.2278e-05i,0.46393-0.010277i,0.46432-0.0033535i,0.46601-0.001688i,0.46458+0.0012623i,0.46419-0.0056614i,0.46471-0.016671i,0.46601-0.01788i,0.46367-0.059422i,0.65433-0.53168i,0.65529-0.53544i,0.65551-0.53352i
timestamp,19:08:33.126,is_stable,0,duration,-1,zeros,0.4638+0.035993i,0.65425+0.53118i,0.65401+0.5277i,0.23053+0.024132i,0.46523+0.041139i,0.65354+0.53554i,0.78003-0.0060838i,0.7778-0.00074464i,0.11613-0.96585i,0.22887-0.045762i,0.22874-0.0033967i,0.22996+0.003753i,0.22882-0.011756i,0.4638+0.011704i,0.4651+0.010494i,0.65354+0.52938i,0.77929+0.35229i,0.65549+0.056065i,0.77923+0.00035326i,0.4638-0.012585i,0.11651-0.96441i,0.11666-0.96886i,0.11768-0.9675i,0.22911-0.043801i,0.22969-0.036047i,0.22953-0.019328i,0.23065-0.0010318i,0.2288-0.010363i,0.22872-0.0020034i,0.11581-0.017889i,0.11623+0.00029144i,0.11781+0.96434i,0.11769+0.96804i,0.11705+0.96947i,0.1179+0.9632i,0.11768+0.9615i,0.1175+0.001868i,0.11611+0.0040688i,0.22864+0.031604i,0.23041+0.027909i,0.23005+0.039241i,0.23067+0.030192i,0.23132+0.040818i,0.22866+0.0049629i,0.22869+0.0021764i,0.22865+0.0063562i,0.2287+0.00078314i,0.23063+0.00036144i,0.46497+0.0041378i,0.46445+0.0030025i,0.46601+0.030697i,0.46393+0.0383i,0.46536+0.039398i,0.46471+0.031907i,0.46614+0.028957i,0.46549+0.021466i,0.46497+0.0081859i,0.65307+0.52612i,0.65566+0.5348i,0.77961+0.010712i,0.77907+0.0085595i,0.77828-0.0023006i,0.78066-0.0043145i,0.78019-0.0027586i,0.46549-0.0028232i,0.46588+5.2278e-05i,0.46393-0.010277i,0.46432-0.0033535i,0.46601-0.001688i,0.46458+0.0012623i,0.46419-0.0056614i,0.46471-0.016671i,0.46601-0.01788i,0.46367-0.059422i,0.65433-0.53168i,0.65529-0.53544i,0.65551-0.53352i
timestamp,19:11:39.679,is_stable,0,duration,-1,zeros,0.4638+0.035993i,0.65425+0.53118i,0.65401+0.5277i,0.23053+0.024132i,0.46523+0.041139i,0.65354+0.53554i,0.78003-0.0060838i,0.7778-0.00074464i,0.11613-0.96585i,0.22887-0.045762i,0.22874-0.0033967i,0.22996+0.003753i,0.22882-0.011756i,0.4638+0.011704i,0.4651+0.010494i,0.65354+0.52938i,0.77929+0.35229i,0.65549+0.056065i,0.77923+0.00035326i,0.4638-0.012585i,0.11651-0.96441i,0.11666-0.96886i,0.11768-0.9675i,0.22911-0.043801i,0.22969-0.036047i,0.22953-0.019328i,0.23065-0.0010318i,0.2288-0.010363i,0.22872-0.0020034i,0.11581-0.017889i,0.11623+0.00029144i,0.11781+0.96434i,0.11769+0.96804i,0.11705+0.96947i,0.1179+0.9632i,0.11768+0.9615i,0.1175+0.001868i,0.11611+0.0040688i,0.22864+0.031604i,0.23041+0.027909i,0.23005+0.039241i,0.23067+0.030192i,0.23132+0.040818i,0.22866+0.0049629i,0.22869+0.0021764i,0.22865+0.0063562i,0.2287+0.00078314i,0.23063+0.00036144i,0.46497+0.0041378i,0.46445+0.0030025i,0.46601+0.030697i,0.46393+0.0383i,0.46536+0.039398i,0.46471+0.031907i,0.46614+0.028957i,0.46549+0.021466i,0.46497+0.0081859i,0.65307+0.52612i,0.65566+0.5348i,0.77961+0.010712i,0.77907+0.0085595i,0.77828-0.0023006i,0.78066-0.0043145i,0.78019-0.0027586i,0.46549-0.0028232i,0.46588+5.2278e-05i,0.46393-0.010277i,0.46432-0.0033535i,0.46601-0.001688i,0.46458+0.0012623i,0.46419-0.0056614i,0.46471-0.016671i,0.46601-0.01788i,0.46367-0.059422i,0.65433-0.53168i,0.65529-0.53544i,0.65551-0.53352i
timestamp,19:14:35.312,is_stable,0,duration,-1,zeros,0.4638+0.035993i,0.65425+0.53118i,0.65401+0.5277i,0.23053+0.024132i,0.46523+0.041139i,0.65354+0.53554i,0.78003-0.0060838i,0.7778-0.00074464i,0.11613-0.96585i,0.22887-0.045762i,0.22874-0.0033967i,0.22996+0.003753i,0.22882-0.011756i,0.4638+0.011704i,0.4651+0.010494i,0.65354+0.52938i,0.77929+0.35229i,0.65549+0.056065i,0.77923+0.00035326i,0.4638-0.012585i,0.11651-0.96441i,0.11666-0.96886i,0.11768-0.9675i,0.22911-0.043801i,0.22969-0.036047i,0.22953-0.019328i,0.23065-0.0010318i,0.2288-0.010363i,0.22872-0.0020034i,0.11581-0.017889i,0.11623+0.00029144i,0.11781+0.96434i,0.11769+0.96804i,0.11705+0.96947i,0.1179+0.9632i,0.11768+0.9615i,0.1175+0.001868i,0.11611+0.0040688i,0.22864+0.031604i,0.23041+0.027909i,0.23005+0.039241i,0.23067+0.030192i,0.23132+0.040818i,0.22866+0.0049629i,0.22869+0.0021764i,0.22865+0.0063562i,0.2287+0.00078314i,0.23063+0.00036144i,0.46497+0.0041378i,0.46445+0.0030025i,0.46601+0.030697i,0.46393+0.0383i,0.46536+0.039398i,0.46471+0.031907i,0.46614+0.028957i,0.46549+0.021466i,0.46497+0.0081859i,0.65307+0.52612i,0.65566+0.5348i,0.77961+0.010712i,0.77907+0.0085595i,0.77828-0.0023006i,0.78066-0.0043145i,0.78019-0.0027586i,0.46549-0.0028232i,0.46588+5.2278e-05i,0.46393-0.010277i,0.46432-0.0033535i,0.46601-0.001688i,0.46458+0.0012623i,0.46419-0.0056614i,0.46471-0.016671i,0.46601-0.01788i,0.46367-0.059422i,0.65433-0.53168i,0.65529-0.53544i,0.65551-0.53352i
timestamp,19:18:39.534,is_stable,0,duration,-1,zeros,0.4638+0.035993i,0.65425+0.53118i,0.65401+0.5277i,0.23053+0.024132i,0.46523+0.041139i,0.65354+0.53554i,0.78003-0.0060838i,0.7778-0.00074464i,0.11613-0.96585i,0.22887-0.045762i,0.22874-0.0033967i,0.22996+0.003753i,0.22882-0.011756i,0.4638+0.011704i,0.4651+0.010494i,0.65354+0.52938i,0.77929+0.35229i,0.65549+0.056065i,0.77923+0.00035326i,0.4638-0.012585i,0.11651-0.96441i,0.11666-0.96886i,0.11768-0.9675i,0.22911-0.043801i,0.22969-0.036047i,0.22953-0.019328i,0.23065-0.0010318i,0.2288-0.010363i,0.22872-0.0020034i,0.11581-0.017889i,0.11623+0.00029144i,0.11781+0.96434i,0.11769+0.96804i,0.11705+0.96947i,0.1179+0.9632i,0.11768+0.9615i,0.1175+0.001868i,0.11611+0.0040688i,0.22864+0.031604i,0.23041+0.027909i,0.23005+0.039241i,0.23067+0.030192i,0.23132+0.040818i,0.22866+0.0049629i,0.22869+0.0021764i,0.22865+0.0063562i,0.2287+0.00078314i,0.23063+0.00036144i,0.46497+0.0041378i,0.46445+0.0030025i,0.46601+0.030697i,0.46393+0.0383i,0.46536+0.039398i,0.46471+0.031907i,0.46614+0.028957i,0.46549+0.021466i,0.46497+0.0081859i,0.65307+0.52612i,0.65566+0.5348i,0.77961+0.010712i,0.77907+0.0085595i,0.77828-0.0023006i,0.78066-0.0043145i,0.78019-0.0027586i,0.46549-0.0028232i,0.46588+5.2278e-05i,0.46393-0.010277i,0.46432-0.0033535i,0.46601-0.001688i,0.46458+0.0012623i,0.46419-0.0056614i,0.46471-0.016671i,0.46601-0.01788i,0.46367-0.059422i,0.65433-0.53168i,0.65529-0.53544i,0.65551-0.53352i
timestamp,19:19:35.109,is_stable,0,duration,-1,zeros,0.4638+0.035993i,0.65425+0.53118i,0.65401+0.5277i,0.23053+0.024132i,0.46523+0.041139i,0.65354+0.53554i,0.78003-0.0060838i,0.7778-0.00074464i,0.11613-0.96585i,0.22887-0.045762i,0.22874-0.0033967i,0.22996+0.003753i,0.22882-0.011756i,0.4638+0.011704i,0.4651+0.010494i,0.65354+0.52938i,0.77929+0.35229i,0.65549+0.056065i,0.77923+0.00035326i,0.4638-0.012585i,0.11651-0.96441i,0.11666-0.96886i,0.11768-0.9675i,0.22911-0.043801i,0.22969-0.036047i,0.22953-0.019328i,0.23065-0.0010318i,0.2288-0.010363i,0.22872-0.0020034i,0.11581-0.017889i,0.11623+0.00029144i,0.11781+0.96434i,0.11769+0.96804i,0.11705+0.96947i,0.1179+0.9632i,0.11768+0.9615i,0.1175+0.001868i,0.11611+0.0040688i,0.22864+0.031604i,0.23041+0.027909i,0.23005+0.039241i,0.23067+0.030192i,0.23132+0.040818i,0.22866+0.0049629i,0.22869+0.0021764i,0.22865+0.0063562i,0.2287+0.00078314i,0.23063+0.00036144i,0.46497+0.0041378i,0.46445+0.0030025i,0.46601+0.030697i,0.46393+0.0383i,0.46536+0.039398i,0.46471+0.031907i,0.46614+0.028957i,0.46549+0.021466i,0.46497+0.0081859i,0.65307+0.52612i,0.65566+0.5348i,0.77961+0.010712i,0.77907+0.0085595i,0.77828-0.0023006i,0.78066-0.0043145i,0.78019-0.0027586i,0.46549-0.0028232i,0.46588+5.2278e-05i,0.46393-0.010277i,0.46432-0.0033535i,0.46601-0.001688i,0.46458+0.0012623i,0.46419-0.0056614i,0.46471-0.016671i,0.46601-0.01788i,0.46367-0.059422i,0.65433-0.53168i,0.65529-0.53544i,0.65551-0.53352i
timestamp,19:19:52.125,is_stable,1,duration,-1,zeros,timestamp,19:20:15.419,is_stable,1,duration,-1,zeros,timestamp,19:20:25.192,is_stable,1,duration,-1,zeros,timestamp,19:22:46.400,is_stable,1,duration,-1,zeros,timestamp,19:23:14.434,is_stable,1,duration,-1,zeros,timestamp,19:23:27.610,is_stable,1,duration,-1,zeros,timestamp,19:23:39.036,is_stable,1,duration,-1,zeros,timestamp,19:24:18.445,is_stable,1,duration,-1,zeros,timestamp,19:24:29.762,is_stable,1,duration,-1,zeros,timestamp,19:24:48.159,is_stable,1,duration,-1,zeros,timestamp,19:25:19.787,is_stable,1,duration,-1,zeros,timestamp,19:25:42.836,is_stable,0,duration,-1,zeros,0.46367-0.059422i,0.4638+0.011704i,0.11651-0.96441i,0.11613-0.96585i,0.22911-0.043801i,0.11581-0.017889i,0.23067+0.030192i,0.22872-0.0020034i,0.22866+0.0049629i,0.23063+0.00036144i,0.2288-0.010363i,0.46549+0.021466i,0.46393+0.0383i,0.46536+0.039398i,0.65401+0.5277i,0.65354+0.52938i,0.77907+0.0085595i,0.78066-0.0043145i,0.78019-0.0027586i,0.46601-0.01788i,0.46549-0.0028232i,0.46458+0.0012623i,0.11666-0.96886i,0.11768-0.9675i,0.22887-0.045762i,0.22882-0.011756i,0.22969-0.036047i,0.22953-0.019328i,0.2287+0.00078314i,0.22874-0.0033967i,0.11769+0.96804i,0.1179+0.9632i,0.11768+0.9615i,0.11705+0.96947i,0.11781+0.96434i,0.11611+0.0040688i,0.11623+0.00029144i,0.1175+0.001868i,0.23132+0.040818i,0.23041+0.027909i,0.22864+0.031604i,0.23005+0.039241i,0.23053+0.024132i,0.22869+0.0021764i,0.22865+0.0063562i,0.22996+0.003753i,0.23065-0.0010318i,0.46497+0.0041378i,0.46445+0.0030025i,0.46523+0.041139i,0.46601+0.030697i,0.46614+0.028957i,0.4638+0.035993i,0.46471+0.031907i,0.46497+0.0081859i,0.4651+0.010494i,0.65425+0.53118i,0.65307+0.52612i,0.65354+0.53554i,0.65566+0.5348i,0.77929+0.35229i,0.65549+0.056065i,0.77961+0.010712i,0.77828-0.0023006i,0.77923+0.00035326i,0.78003-0.0060838i,0.7778-0.00074464i,0.46588+5.2278e-05i,0.46419-0.0056614i,0.46432-0.0033535i,0.46601-0.001688i,0.4638-0.012585i,0.46393-0.010277i,0.46471-0.016671i,0.65433-0.53168i,0.65551-0.53352i,0.65529-0.53544i
timestamp,19:26:36.820,is_stable,0,duration,-1,zeros,0.46367-0.059422i,0.4638+0.011704i,0.11651-0.96441i,0.11613-0.96585i,0.22911-0.043801i,0.11581-0.017889i,0.23067+0.030192i,0.22872-0.0020034i,0.22866+0.0049629i,0.23063+0.00036144i,0.2288-0.010363i,0.46549+0.021466i,0.46393+0.0383i,0.46536+0.039398i,0.65401+0.5277i,0.65354+0.52938i,0.77907+0.0085595i,0.78066-0.0043145i,0.78019-0.0027586i,0.46601-0.01788i,0.46549-0.0028232i,0.46458+0.0012623i,0.11666-0.96886i,0.11768-0.9675i,0.22887-0.045762i,0.22882-0.011756i,0.22969-0.036047i,0.22953-0.019328i,0.2287+0.00078314i,0.22874-0.0033967i,0.11769+0.96804i,0.1179+0.9632i,0.11768+0.9615i,0.11705+0.96947i,0.11781+0.96434i,0.11611+0.0040688i,0.11623+0.00029144i,0.1175+0.001868i,0.23132+0.040818i,0.23041+0.027909i,0.22864+0.031604i,0.23005+0.039241i,0.23053+0.024132i,0.22869+0.0021764i,0.22865+0.0063562i,0.22996+0.003753i,0.23065-0.0010318i,0.46497+0.0041378i,0.46445+0.0030025i,0.46523+0.041139i,0.46601+0.030697i,0.46614+0.028957i,0.4638+0.035993i,0.46471+0.031907i,0.46497+0.0081859i,0.4651+0.010494i,0.65425+0.53118i,0.65307+0.52612i,0.65354+0.53554i,0.65566+0.5348i,0.77929+0.35229i,0.65549+0.056065i,0.77961+0.010712i,0.77828-0.0023006i,0.77923+0.00035326i,0.78003-0.0060838i,0.7778-0.00074464i,0.46588+5.2278e-05i,0.46419-0.0056614i,0.46432-0.0033535i,0.46601-0.001688i,0.4638-0.012585i,0.46393-0.010277i,0.46471-0.016671i,0.65433-0.53168i,0.65551-0.53352i,0.65529-0.53544i
timestamp,19:27:42.082,is_stable,1,duration,-1,zeros,timestamp,19:29:01.059,is_stable,1,duration,-1,zeros,timestamp,19:29:06.270,is_stable,1,duration,-1,zeros,timestamp,19:29:36.773,is_stable,1,duration,-1,zeros,timestamp,19:29:48.340,is_stable,1,duration,-1,zeros,timestamp,19:30:20.583,is_stable,0,duration,-1,zeros,0.46367-0.059422i,0.4638+0.011704i,0.11651-0.96441i,0.11613-0.96585i,0.22911-0.043801i,0.11581-0.017889i,0.23067+0.030192i,0.22872-0.0020034i,0.22866+0.0049629i,0.23063+0.00036144i,0.2288-0.010363i,0.46549+0.021466i,0.46393+0.0383i,0.46536+0.039398i,0.65401+0.5277i,0.65354+0.52938i,0.77907+0.0085595i,0.78066-0.0043145i,0.78019-0.0027586i,0.46601-0.01788i,0.46549-0.0028232i,0.46458+0.0012623i,0.11666-0.96886i,0.11768-0.9675i,0.22887-0.045762i,0.22882-0.011756i,0.22969-0.036047i,0.22953-0.019328i,0.2287+0.00078314i,0.22874-0.0033967i,0.11769+0.96804i,0.1179+0.9632i,0.11768+0.9615i,0.11705+0.96947i,0.11781+0.96434i,0.11611+0.0040688i,0.11623+0.00029144i,0.1175+0.001868i,0.23132+0.040818i,0.23041+0.027909i,0.22864+0.031604i,0.23005+0.039241i,0.23053+0.024132i,0.22869+0.0021764i,0.22865+0.0063562i,0.22996+0.003753i,0.23065-0.0010318i,0.46497+0.0041378i,0.46445+0.0030025i,0.46523+0.041139i,0.46601+0.030697i,0.46614+0.028957i,0.4638+0.035993i,0.46471+0.031907i,0.46497+0.0081859i,0.4651+0.010494i,0.65425+0.53118i,0.65307+0.52612i,0.65354+0.53554i,0.65566+0.5348i,0.77929+0.35229i,0.65549+0.056065i,0.77961+0.010712i,0.77828-0.0023006i,0.77923+0.00035326i,0.78003-0.0060838i,0.7778-0.00074464i,0.46588+5.2278e-05i,0.46419-0.0056614i,0.46432-0.0033535i,0.46601-0.001688i,0.4638-0.012585i,0.46393-0.010277i,0.46471-0.016671i,0.65433-0.53168i,0.65551-0.53352i,0.65529-0.53544i
timestamp,19:37:29.803,is_stable,0,duration,-1,zeros,0.46367-0.059422i,0.4638+0.011704i,0.11651-0.96441i,0.11613-0.96585i,0.22911-0.043801i,0.11581-0.017889i,0.23067+0.030192i,0.22872-0.0020034i,0.22866+0.0049629i,0.23063+0.00036144i,0.2288-0.010363i,0.46549+0.021466i,0.46393+0.0383i,0.46536+0.039398i,0.65401+0.5277i,0.65354+0.52938i,0.77907+0.0085595i,0.78066-0.0043145i,0.78019-0.0027586i,0.46601-0.01788i,0.46549-0.0028232i,0.46458+0.0012623i,0.11666-0.96886i,0.11768-0.9675i,0.22887-0.045762i,0.22882-0.011756i,0.22969-0.036047i,0.22953-0.019328i,0.2287+0.00078314i,0.22874-0.0033967i,0.11769+0.96804i,0.1179+0.9632i,0.11768+0.9615i,0.11705+0.96947i,0.11781+0.96434i,0.11611+0.0040688i,0.11623+0.00029144i,0.1175+0.001868i,0.23132+0.040818i,0.23041+0.027909i,0.22864+0.031604i,0.23005+0.039241i,0.23053+0.024132i,0.22869+0.0021764i,0.22865+0.0063562i,0.22996+0.003753i,0.23065-0.0010318i,0.46497+0.0041378i,0.46445+0.0030025i,0.46523+0.041139i,0.46601+0.030697i,0.46614+0.028957i,0.4638+0.035993i,0.46471+0.031907i,0.46497+0.0081859i,0.4651+0.010494i,0.65425+0.53118i,0.65307+0.52612i,0.65354+0.53554i,0.65566+0.5348i,0.77929+0.35229i,0.65549+0.056065i,0.77961+0.010712i,0.77828-0.0023006i,0.77923+0.00035326i,0.78003-0.0060838i,0.7778-0.00074464i,0.46588+5.2278e-05i,0.46419-0.0056614i,0.46432-0.0033535i,0.46601-0.001688i,0.4638-0.012585i,0.46393-0.010277i,0.46471-0.016671i,0.65433-0.53168i,0.65551-0.53352i,0.65529-0.53544i
timestamp,19:39:16.330,is_stable,0,duration,-1,zeros,0.46367-0.059422i,0.4638+0.011704i,0.11651-0.96441i,0.11613-0.96585i,0.22911-0.043801i,0.11581-0.017889i,0.23067+0.030192i,0.22872-0.0020034i,0.22866+0.0049629i,0.23063+0.00036144i,0.2288-0.010363i,0.46549+0.021466i,0.46393+0.0383i,0.46536+0.039398i,0.65401+0.5277i,0.65354+0.52938i,0.77907+0.0085595i,0.78066-0.0043145i,0.78019-0.0027586i,0.46601-0.01788i,0.46549-0.0028232i,0.46458+0.0012623i,0.11666-0.96886i,0.11768-0.9675i,0.22887-0.045762i,0.22882-0.011756i,0.22969-0.036047i,0.22953-0.019328i,0.2287+0.00078314i,0.22874-0.0033967i,0.11769+0.96804i,0.1179+0.9632i,0.11768+0.9615i,0.11705+0.96947i,0.11781+0.96434i,0.11611+0.0040688i,0.11623+0.00029144i,0.1175+0.001868i,0.23132+0.040818i,0.23041+0.027909i,0.22864+0.031604i,0.23005+0.039241i,0.23053+0.024132i,0.22869+0.0021764i,0.22865+0.0063562i,0.22996+0.003753i,0.23065-0.0010318i,0.46497+0.0041378i,0.46445+0.0030025i,0.46523+0.041139i,0.46601+0.030697i,0.46614+0.028957i,0.4638+0.035993i,0.46471+0.031907i,0.46497+0.0081859i,0.4651+0.010494i,0.65425+0.53118i,0.65307+0.52612i,0.65354+0.53554i,0.65566+0.5348i,0.77929+0.35229i,0.65549+0.056065i,0.77961+0.010712i,0.77828-0.0023006i,0.77923+0.00035326i,0.78003-0.0060838i,0.7778-0.00074464i,0.46588+5.2278e-05i,0.46419-0.0056614i,0.46432-0.0033535i,0.46601-0.001688i,0.4638-0.012585i,0.46393-0.010277i,0.46471-0.016671i,0.65433-0.53168i,0.65551-0.53352i,0.65529-0.53544i
timestamp,19:40:04.149,is_stable,0,duration,-1,zeros,0.46367-0.059422i,0.4638+0.011704i,0.11651-0.96441i,0.11613-0.96585i,0.22911-0.043801i,0.11581-0.017889i,0.23067+0.030192i,0.22872-0.0020034i,0.22866+0.0049629i,0.23063+0.00036144i,0.2288-0.010363i,0.46549+0.021466i,0.46393+0.0383i,0.46536+0.039398i,0.65401+0.5277i,0.65354+0.52938i,0.77907+0.0085595i,0.78066-0.0043145i,0.78019-0.0027586i,0.46601-0.01788i,0.46549-0.0028232i,0.46458+0.0012623i,0.11666-0.96886i,0.11768-0.9675i,0.22887-0.045762i,0.22882-0.011756i,0.22969-0.036047i,0.22953-0.019328i,0.2287+0.00078314i,0.22874-0.0033967i,0.11769+0.96804i,0.1179+0.9632i,0.11768+0.9615i,0.11705+0.96947i,0.11781+0.96434i,0.11611+0.0040688i,0.11623+0.00029144i,0.1175+0.001868i,0.23132+0.040818i,0.23041+0.027909i,0.22864+0.031604i,0.23005+0.039241i,0.23053+0.024132i,0.22869+0.0021764i,0.22865+0.0063562i,0.22996+0.003753i,0.23065-0.0010318i,0.46497+0.0041378i,0.46445+0.0030025i,0.46523+0.041139i,0.46601+0.030697i,0.46614+0.028957i,0.4638+0.035993i,0.46471+0.031907i,0.46497+0.0081859i,0.4651+0.010494i,0.65425+0.53118i,0.65307+0.52612i,0.65354+0.53554i,0.65566+0.5348i,0.77929+0.35229i,0.65549+0.056065i,0.77961+0.010712i,0.77828-0.0023006i,0.77923+0.00035326i,0.78003-0.0060838i,0.7778-0.00074464i,0.46588+5.2278e-05i,0.46419-0.0056614i,0.46432-0.0033535i,0.46601-0.001688i,0.4638-0.012585i,0.46393-0.010277i,0.46471-0.016671i,0.65433-0.53168i,0.65551-0.53352i,0.65529-0.53544i
timestamp,19:43:30.227,is_stable,0,duration,-1,zeros,0.46367-0.059422i,0.4638+0.011704i,0.11651-0.96441i,0.11613-0.96585i,0.22911-0.043801i,0.11581-0.017889i,0.23067+0.030192i,0.22872-0.0020034i,0.22866+0.0049629i,0.23063+0.00036144i,0.2288-0.010363i,0.46549+0.021466i,0.46393+0.0383i,0.46536+0.039398i,0.65401+0.5277i,0.65354+0.52938i,0.77907+0.0085595i,0.78066-0.0043145i,0.78019-0.0027586i,0.46601-0.01788i,0.46549-0.0028232i,0.46458+0.0012623i,0.11666-0.96886i,0.11768-0.9675i,0.22887-0.045762i,0.22882-0.011756i,0.22969-0.036047i,0.22953-0.019328i,0.2287+0.00078314i,0.22874-0.0033967i,0.11769+0.96804i,0.1179+0.9632i,0.11768+0.9615i,0.11705+0.96947i,0.11781+0.96434i,0.11611+0.0040688i,0.11623+0.00029144i,0.1175+0.001868i,0.23132+0.040818i,0.23041+0.027909i,0.22864+0.031604i,0.23005+0.039241i,0.23053+0.024132i,0.22869+0.0021764i,0.22865+0.0063562i,0.22996+0.003753i,0.23065-0.0010318i,0.46497+0.0041378i,0.46445+0.0030025i,0.46523+0.041139i,0.46601+0.030697i,0.46614+0.028957i,0.4638+0.035993i,0.46471+0.031907i,0.46497+0.0081859i,0.4651+0.010494i,0.65425+0.53118i,0.65307+0.52612i,0.65354+0.53554i,0.65566+0.5348i,0.77929+0.35229i,0.65549+0.056065i,0.77961+0.010712i,0.77828-0.0023006i,0.77923+0.00035326i,0.78003-0.0060838i,0.7778-0.00074464i,0.46588+5.2278e-05i,0.46419-0.0056614i,0.46432-0.0033535i,0.46601-0.001688i,0.4638-0.012585i,0.46393-0.010277i,0.46471-0.016671i,0.65433-0.53168i,0.65551-0.53352i,0.65529-0.53544i
timestamp,19:44:47.441,is_stable,0,duration,-1,zeros,0.46367-0.059422i,0.4638+0.011704i,0.11651-0.96441i,0.11613-0.96585i,0.22911-0.043801i,0.11581-0.017889i,0.23067+0.030192i,0.22872-0.0020034i,0.22866+0.0049629i,0.23063+0.00036144i,0.2288-0.010363i,0.46549+0.021466i,0.46393+0.0383i,0.46536+0.039398i,0.65401+0.5277i,0.65354+0.52938i,0.77907+0.0085595i,0.78066-0.0043145i,0.78019-0.0027586i,0.46601-0.01788i,0.46549-0.0028232i,0.46458+0.0012623i,0.11666-0.96886i,0.11768-0.9675i,0.22887-0.045762i,0.22882-0.011756i,0.22969-0.036047i,0.22953-0.019328i,0.2287+0.00078314i,0.22874-0.0033967i,0.11769+0.96804i,0.1179+0.9632i,0.11768+0.9615i,0.11705+0.96947i,0.11781+0.96434i,0.11611+0.0040688i,0.11623+0.00029144i,0.1175+0.001868i,0.23132+0.040818i,0.23041+0.027909i,0.22864+0.031604i,0.23005+0.039241i,0.23053+0.024132i,0.22869+0.0021764i,0.22865+0.0063562i,0.22996+0.003753i,0.23065-0.0010318i,0.46497+0.0041378i,0.46445+0.0030025i,0.46523+0.041139i,0.46601+0.030697i,0.46614+0.028957i,0.4638+0.035993i,0.46471+0.031907i,0.46497+0.0081859i,0.4651+0.010494i,0.65425+0.53118i,0.65307+0.52612i,0.65354+0.53554i,0.65566+0.5348i,0.77929+0.35229i,0.65549+0.056065i,0.77961+0.010712i,0.77828-0.0023006i,0.77923+0.00035326i,0.78003-0.0060838i,0.7778-0.00074464i,0.46588+5.2278e-05i,0.46419-0.0056614i,0.46432-0.0033535i,0.46601-0.001688i,0.4638-0.012585i,0.46393-0.010277i,0.46471-0.016671i,0.65433-0.53168i,0.65551-0.53352i,0.65529-0.53544i
timestamp,19:45:43.385,is_stable,0,duration,-1,zeros,0.11693-0.97037i,0.11581-0.017889i,0.11694+0.96536i,0.11629+0.96807i,0.65549+0.056065i,0.65401+0.5277i,0.46549-0.0028232i,0.65491-0.53427i,0.1173-0.96893i,0.11602-0.96879i,0.11715-0.96448i,0.22996+0.003753i,0.11728+0.96208i,0.11662+0.96608i,0.11712+0.96308i,0.1163+0.9668i,0.1171+0.965i,0.11683+0.96841i,0.23041+0.027909i,0.23053+0.024132i,0.46549+0.021466i,0.46471+0.031907i,0.46536+0.039398i,0.78066-0.0043145i,0.78003-0.0060838i,0.46458-0.01493i,0.46419-0.0056614i,0.11768-0.9675i,0.11677-0.96592i,0.11565-0.97023i,0.11587-0.96434i,0.22887-0.045762i,0.22911-0.043801i,0.22969-0.036047i,0.22953-0.019328i,0.22882-0.011756i,0.11695+0.96472i,0.1162+0.96921i,0.11604+0.96957i,0.11656+0.96402i,0.11674+0.96955i,0.11619+0.96985i,0.11682+0.96905i,0.11783+0.96959i,0.11623+0.00029144i,0.1175+0.001868i,0.11611+0.0040688i,0.22864+0.031604i,0.23005+0.039241i,0.23067+0.030192i,0.23132+0.040818i,0.22865+0.0063562i,0.22866+0.0049629i,0.23063+0.00036144i,0.23065-0.0010318i,0.22869+0.0021764i,0.2287+0.00078314i,0.2288-0.010363i,0.22874-0.0033967i,0.22872-0.0020034i,0.46445+0.0030025i,0.46497+0.0081859i,0.46497+0.0041378i,0.46406+0.03656i,0.46601+0.030697i,0.46458+0.033647i,0.4638+0.011704i,0.46536+0.023206i,0.46393+0.0383i,0.46523+0.041139i,0.46614+0.028957i,0.4651+0.010494i,0.46367+0.0012996i,0.65354+0.52938i,0.65613+0.53436i,0.65542+0.53502i,0.65425+0.53118i,0.65307+0.52612i,0.65495+0.53546i,0.65354+0.53554i,0.77909+0.3529i,0.77949+0.35168i,0.78019-0.0027586i,0.77907+0.0085595i,0.77961+0.010712i,0.77828-0.0023006i,0.77923+0.00035326i,0.7778-0.00074464i,0.46484+0.0018299i,0.46562-0.00051535i,0.46601-0.001688i,0.46406-0.012017i,0.46432-0.0033535i,0.46601-0.01788i,0.46393-0.010277i,0.46471-0.016671i,0.46406+0.00012699i,0.46367-0.059422i,0.77993-0.35172i,0.77882-0.35365i,0.65531-0.53377i,0.65413-0.53193i,0.65473-0.53118i,0.65529-0.53544i,0.77823-0.35273i,0.77835-0.3521i
timestamp,19:46:54.455,is_stable,0,duration,-1,zeros,0.11693+0.96467i,0.11733+0.967i,0.77908+0.35158i,0.65731+0.55208i,0.11696+0.9677i,0.11685+0.96895i,0.11804+0.96925i,0.11713+0.96583i,0.77679+0.34632i,0.77948+0.35036i,0.77776+0.34746i,0.77994+0.35303i,0.77893+0.35608i,0.77806+0.35464i
timestamp,19:49:47.611,is_stable,0,duration,-1,zeros,0.11693+0.96467i,0.11733+0.967i,0.77908+0.35158i,0.65731+0.55208i,0.11696+0.9677i,0.11685+0.96895i,0.11804+0.96925i,0.11713+0.96583i,0.77679+0.34632i,0.77948+0.35036i,0.77776+0.34746i,0.77994+0.35303i,0.77893+0.35608i,0.77806+0.35464i
timestamp,19:49:58.993,is_stable,0,duration,-1,zeros,0.11693+0.96467i,0.11733+0.967i,0.77908+0.35158i,0.65731+0.55208i,0.11696+0.9677i,0.11685+0.96895i,0.11804+0.96925i,0.11713+0.96583i,0.77679+0.34632i,0.77948+0.35036i,0.77776+0.34746i,0.77994+0.35303i,0.77893+0.35608i,0.77806+0.35464i
timestamp,19:50:29.553,is_stable,0,duration,-1,zeros,0.46367-0.059422i,0.4638+0.011704i,0.11651-0.96441i,0.11613-0.96585i,0.22911-0.043801i,0.11581-0.017889i,0.23067+0.030192i,0.22872-0.0020034i,0.22866+0.0049629i,0.23063+0.00036144i,0.2288-0.010363i,0.46549+0.021466i,0.46393+0.0383i,0.46536+0.039398i,0.65401+0.5277i,0.65354+0.52938i,0.77907+0.0085595i,0.78066-0.0043145i,0.78019-0.0027586i,0.46601-0.01788i,0.46549-0.0028232i,0.46458+0.0012623i,0.11666-0.96886i,0.11768-0.9675i,0.22887-0.045762i,0.22882-0.011756i,0.22969-0.036047i,0.22953-0.019328i,0.2287+0.00078314i,0.22874-0.0033967i,0.11769+0.96804i,0.1179+0.9632i,0.11768+0.9615i,0.11705+0.96947i,0.11781+0.96434i,0.11611+0.0040688i,0.11623+0.00029144i,0.1175+0.001868i,0.23132+0.040818i,0.23041+0.027909i,0.22864+0.031604i,0.23005+0.039241i,0.23053+0.024132i,0.22869+0.0021764i,0.22865+0.0063562i,0.22996+0.003753i,0.23065-0.0010318i,0.46497+0.0041378i,0.46445+0.0030025i,0.46523+0.041139i,0.46601+0.030697i,0.46614+0.028957i,0.4638+0.035993i,0.46471+0.031907i,0.46497+0.0081859i,0.4651+0.010494i,0.65425+0.53118i,0.65307+0.52612i,0.65354+0.53554i,0.65566+0.5348i,0.77929+0.35229i,0.65549+0.056065i,0.77961+0.010712i,0.77828-0.0023006i,0.77923+0.00035326i,0.78003-0.0060838i,0.7778-0.00074464i,0.46588+5.2278e-05i,0.46419-0.0056614i,0.46432-0.0033535i,0.46601-0.001688i,0.4638-0.012585i,0.46393-0.010277i,0.46471-0.016671i,0.65433-0.53168i,0.65551-0.53352i,0.65529-0.53544i
timestamp,19:51:50.973,is_stable,0,duration,-1,zeros,0.46367-0.059422i,0.4638+0.011704i,0.11651-0.96441i,0.11613-0.96585i,0.22911-0.043801i,0.11581-0.017889i,0.23067+0.030192i,0.22872-0.0020034i,0.22866+0.0049629i,0.23063+0.00036144i,0.2288-0.010363i,0.46549+0.021466i,0.46393+0.0383i,0.46536+0.039398i,0.65401+0.5277i,0.65354+0.52938i,0.77907+0.0085595i,0.78066-0.0043145i,0.78019-0.0027586i,0.46601-0.01788i,0.46549-0.0028232i,0.46458+0.0012623i,0.11666-0.96886i,0.11768-0.9675i,0.22887-0.045762i,0.22882-0.011756i,0.22969-0.036047i,0.22953-0.019328i,0.2287+0.00078314i,0.22874-0.0033967i,0.11769+0.96804i,0.1179+0.9632i,0.11768+0.9615i,0.11705+0.96947i,0.11781+0.96434i,0.11611+0.0040688i,0.11623+0.00029144i,0.1175+0.001868i,0.23132+0.040818i,0.23041+0.027909i,0.22864+0.031604i,0.23005+0.039241i,0.23053+0.024132i,0.22869+0.0021764i,0.22865+0.0063562i,0.22996+0.003753i,0.23065-0.0010318i,0.46497+0.0041378i,0.46445+0.0030025i,0.46523+0.041139i,0.46601+0.030697i,0.46614+0.028957i,0.4638+0.035993i,0.46471+0.031907i,0.46497+0.0081859i,0.4651+0.010494i,0.65425+0.53118i,0.65307+0.52612i,0.65354+0.53554i,0.65566+0.5348i,0.77929+0.35229i,0.65549+0.056065i,0.77961+0.010712i,0.77828-0.0023006i,0.77923+0.00035326i,0.78003-0.0060838i,0.7778-0.00074464i,0.46588+5.2278e-05i,0.46419-0.0056614i,0.46432-0.0033535i,0.46601-0.001688i,0.4638-0.012585i,0.46393-0.010277i,0.46471-0.016671i,0.65433-0.53168i,0.65551-0.53352i,0.65529-0.53544i
timestamp,19:52:30.948,is_stable,0,duration,-1,zeros,0.11693+0.96467i,0.11733+0.967i,0.77908+0.35158i,0.65731+0.55208i,0.11696+0.9677i,0.11685+0.96895i,0.11804+0.96925i,0.11713+0.96583i,0.77679+0.34632i,0.77948+0.35036i,0.77776+0.34746i,0.77994+0.35303i,0.77893+0.35608i,0.77806+0.35464i
timestamp,19:52:45.890,is_stable,0,duration,-1,zeros,0.77834-0.12253i,0.77779+0.12149i,0.77861-0.00076907i,0.77846+0.35031i,0.77965-0.0015577i,0.77909+0.0018509i,0.77874-0.0033467i,0.77967-0.35176i,0.77826-0.12144i,0.77993-0.0032621i,0.77994-0.011257i,0.78012-0.012656i,0.77841-0.12363i,0.77771+0.34791i,0.77813+0.34896i,0.77891+0.013908i,0.78035+0.0088376i,0.78004+0.007091i,0.77833+0.00093526i,0.7794+0.0035976i
timestamp,19:52:58.366,is_stable,0,duration,-1,zeros,0.46367-0.059422i,0.4638+0.011704i,0.11651-0.96441i,0.11613-0.96585i,0.22911-0.043801i,0.11581-0.017889i,0.23067+0.030192i,0.22872-0.0020034i,0.22866+0.0049629i,0.23063+0.00036144i,0.2288-0.010363i,0.46549+0.021466i,0.46393+0.0383i,0.46536+0.039398i,0.65401+0.5277i,0.65354+0.52938i,0.77907+0.0085595i,0.78066-0.0043145i,0.78019-0.0027586i,0.46601-0.01788i,0.46549-0.0028232i,0.46458+0.0012623i,0.11666-0.96886i,0.11768-0.9675i,0.22887-0.045762i,0.22882-0.011756i,0.22969-0.036047i,0.22953-0.019328i,0.2287+0.00078314i,0.22874-0.0033967i,0.11769+0.96804i,0.1179+0.9632i,0.11768+0.9615i,0.11705+0.96947i,0.11781+0.96434i,0.11611+0.0040688i,0.11623+0.00029144i,0.1175+0.001868i,0.23132+0.040818i,0.23041+0.027909i,0.22864+0.031604i,0.23005+0.039241i,0.23053+0.024132i,0.22869+0.0021764i,0.22865+0.0063562i,0.22996+0.003753i,0.23065-0.0010318i,0.46497+0.0041378i,0.46445+0.0030025i,0.46523+0.041139i,0.46601+0.030697i,0.46614+0.028957i,0.4638+0.035993i,0.46471+0.031907i,0.46497+0.0081859i,0.4651+0.010494i,0.65425+0.53118i,0.65307+0.52612i,0.65354+0.53554i,0.65566+0.5348i,0.77929+0.35229i,0.65549+0.056065i,0.77961+0.010712i,0.77828-0.0023006i,0.77923+0.00035326i,0.78003-0.0060838i,0.7778-0.00074464i,0.46588+5.2278e-05i,0.46419-0.0056614i,0.46432-0.0033535i,0.46601-0.001688i,0.4638-0.012585i,0.46393-0.010277i,0.46471-0.016671i,0.65433-0.53168i,0.65551-0.53352i,0.65529-0.53544i
timestamp,20:00:28.910,is_stable,0,duration,-1,zeros,0.46367-0.059422i,0.4638+0.011704i,0.11651-0.96441i,0.11613-0.96585i,0.22911-0.043801i,0.11581-0.017889i,0.23067+0.030192i,0.22872-0.0020034i,0.22866+0.0049629i,0.23063+0.00036144i,0.2288-0.010363i,0.46549+0.021466i,0.46393+0.0383i,0.46536+0.039398i,0.65401+0.5277i,0.65354+0.52938i,0.77907+0.0085595i,0.78066-0.0043145i,0.78019-0.0027586i,0.46601-0.01788i,0.46549-0.0028232i,0.46458+0.0012623i,0.11666-0.96886i,0.11768-0.9675i,0.22887-0.045762i,0.22882-0.011756i,0.22969-0.036047i,0.22953-0.019328i,0.2287+0.00078314i,0.22874-0.0033967i,0.11769+0.96804i,0.1179+0.9632i,0.11768+0.9615i,0.11705+0.96947i,0.11781+0.96434i,0.11611+0.0040688i,0.11623+0.00029144i,0.1175+0.001868i,0.23132+0.040818i,0.23041+0.027909i,0.22864+0.031604i,0.23005+0.039241i,0.23053+0.024132i,0.22869+0.0021764i,0.22865+0.0063562i,0.22996+0.003753i,0.23065-0.0010318i,0.46497+0.0041378i,0.46445+0.0030025i,0.46523+0.041139i,0.46601+0.030697i,0.46614+0.028957i,0.4638+0.035993i,0.46471+0.031907i,0.46497+0.0081859i,0.4651+0.010494i,0.65425+0.53118i,0.65307+0.52612i,0.65354+0.53554i,0.65566+0.5348i,0.77929+0.35229i,0.65549+0.056065i,0.77961+0.010712i,0.77828-0.0023006i,0.77923+0.00035326i,0.78003-0.0060838i,0.7778-0.00074464i,0.46588+5.2278e-05i,0.46419-0.0056614i,0.46432-0.0033535i,0.46601-0.001688i,0.4638-0.012585i,0.46393-0.010277i,0.46471-0.016671i,0.65433-0.53168i,0.65551-0.53352i,0.65529-0.53544i
timestamp,20:01:31.662,is_stable,1,duration,-1,zeros,timestamp,20:01:50.867,is_stable,1,duration,-1,zeros,timestamp,20:02:01.248,is_stable,0,duration,-1,zeros,0.46367-0.059422i,0.4638+0.011704i,0.11651-0.96441i,0.11613-0.96585i,0.22911-0.043801i,0.11581-0.017889i,0.23067+0.030192i,0.22872-0.0020034i,0.22866+0.0049629i,0.23063+0.00036144i,0.2288-0.010363i,0.46549+0.021466i,0.46393+0.0383i,0.46536+0.039398i,0.65401+0.5277i,0.65354+0.52938i,0.77907+0.0085595i,0.78066-0.0043145i,0.78019-0.0027586i,0.46601-0.01788i,0.46549-0.0028232i,0.46458+0.0012623i,0.11666-0.96886i,0.11768-0.9675i,0.22887-0.045762i,0.22882-0.011756i,0.22969-0.036047i,0.22953-0.019328i,0.2287+0.00078314i,0.22874-0.0033967i,0.11769+0.96804i,0.1179+0.9632i,0.11768+0.9615i,0.11705+0.96947i,0.11781+0.96434i,0.11611+0.0040688i,0.11623+0.00029144i,0.1175+0.001868i,0.23132+0.040818i,0.23041+0.027909i,0.22864+0.031604i,0.23005+0.039241i,0.23053+0.024132i,0.22869+0.0021764i,0.22865+0.0063562i,0.22996+0.003753i,0.23065-0.0010318i,0.46497+0.0041378i,0.46445+0.0030025i,0.46523+0.041139i,0.46601+0.030697i,0.46614+0.028957i,0.4638+0.035993i,0.46471+0.031907i,0.46497+0.0081859i,0.4651+0.010494i,0.65425+0.53118i,0.65307+0.52612i,0.65354+0.53554i,0.65566+0.5348i,0.77929+0.35229i,0.65549+0.056065i,0.77961+0.010712i,0.77828-0.0023006i,0.77923+0.00035326i,0.78003-0.0060838i,0.7778-0.00074464i,0.46588+5.2278e-05i,0.46419-0.0056614i,0.46432-0.0033535i,0.46601-0.001688i,0.4638-0.012585i,0.46393-0.010277i,0.46471-0.016671i,0.65433-0.53168i,0.65551-0.53352i,0.65529-0.53544i
timestamp,20:04:02.865,is_stable,0,duration,-1,zeros,0.46367-0.059422i,0.4638+0.011704i,0.11651-0.96441i,0.11613-0.96585i,0.22911-0.043801i,0.11581-0.017889i,0.23067+0.030192i,0.22872-0.0020034i,0.22866+0.0049629i,0.23063+0.00036144i,0.2288-0.010363i,0.46549+0.021466i,0.46393+0.0383i,0.46536+0.039398i,0.65401+0.5277i,0.65354+0.52938i,0.77907+0.0085595i,0.78066-0.0043145i,0.78019-0.0027586i,0.46601-0.01788i,0.46549-0.0028232i,0.46458+0.0012623i,0.11666-0.96886i,0.11768-0.9675i,0.22887-0.045762i,0.22882-0.011756i,0.22969-0.036047i,0.22953-0.019328i,0.2287+0.00078314i,0.22874-0.0033967i,0.11769+0.96804i,0.1179+0.9632i,0.11768+0.9615i,0.11705+0.96947i,0.11781+0.96434i,0.11611+0.0040688i,0.11623+0.00029144i,0.1175+0.001868i,0.23132+0.040818i,0.23041+0.027909i,0.22864+0.031604i,0.23005+0.039241i,0.23053+0.024132i,0.22869+0.0021764i,0.22865+0.0063562i,0.22996+0.003753i,0.23065-0.0010318i,0.46497+0.0041378i,0.46445+0.0030025i,0.46523+0.041139i,0.46601+0.030697i,0.46614+0.028957i,0.4638+0.035993i,0.46471+0.031907i,0.46497+0.0081859i,0.4651+0.010494i,0.65425+0.53118i,0.65307+0.52612i,0.65354+0.53554i,0.65566+0.5348i,0.77929+0.35229i,0.65549+0.056065i,0.77961+0.010712i,0.77828-0.0023006i,0.77923+0.00035326i,0.78003-0.0060838i,0.7778-0.00074464i,0.46588+5.2278e-05i,0.46419-0.0056614i,0.46432-0.0033535i,0.46601-0.001688i,0.4638-0.012585i,0.46393-0.010277i,0.46471-0.016671i,0.65433-0.53168i,0.65551-0.53352i,0.65529-0.53544i
timestamp,20:07:34.943,is_stable,0,duration,-1,zeros,0.46367-0.059422i,0.4638+0.011704i,0.11651-0.96441i,0.11613-0.96585i,0.22911-0.043801i,0.11581-0.017889i,0.23067+0.030192i,0.22872-0.0020034i,0.22866+0.0049629i,0.23063+0.00036144i,0.2288-0.010363i,0.46549+0.021466i,0.46393+0.0383i,0.46536+0.039398i,0.65401+0.5277i,0.65354+0.52938i,0.77907+0.0085595i,0.78066-0.0043145i,0.78019-0.0027586i,0.46601-0.01788i,0.46549-0.0028232i,0.46458+0.0012623i,0.11666-0.96886i,0.11768-0.9675i,0.22887-0.045762i,0.22882-0.011756i,0.22969-0.036047i,0.22953-0.019328i,0.2287+0.00078314i,0.22874-0.0033967i,0.11769+0.96804i,0.1179+0.9632i,0.11768+0.9615i,0.11705+0.96947i,0.11781+0.96434i,0.11611+0.0040688i,0.11623+0.00029144i,0.1175+0.001868i,0.23132+0.040818i,0.23041+0.027909i,0.22864+0.031604i,0.23005+0.039241i,0.23053+0.024132i,0.22869+0.0021764i,0.22865+0.0063562i,0.22996+0.003753i,0.23065-0.0010318i,0.46497+0.0041378i,0.46445+0.0030025i,0.46523+0.041139i,0.46601+0.030697i,0.46614+0.028957i,0.4638+0.035993i,0.46471+0.031907i,0.46497+0.0081859i,0.4651+0.010494i,0.65425+0.53118i,0.65307+0.52612i,0.65354+0.53554i,0.65566+0.5348i,0.77929+0.35229i,0.65549+0.056065i,0.77961+0.010712i,0.77828-0.0023006i,0.77923+0.00035326i,0.78003-0.0060838i,0.7778-0.00074464i,0.46588+5.2278e-05i,0.46419-0.0056614i,0.46432-0.0033535i,0.46601-0.001688i,0.4638-0.012585i,0.46393-0.010277i,0.46471-0.016671i,0.65433-0.53168i,0.65551-0.53352i,0.65529-0.53544i
timestamp,20:08:19.910,is_stable,0,duration,-1,zeros,0.46367-0.059422i,0.4638+0.011704i,0.11651-0.96441i,0.11613-0.96585i,0.22911-0.043801i,0.11581-0.017889i,0.23067+0.030192i,0.22872-0.0020034i,0.22866+0.0049629i,0.23063+0.00036144i,0.2288-0.010363i,0.46549+0.021466i,0.46393+0.0383i,0.46536+0.039398i,0.65401+0.5277i,0.65354+0.52938i,0.77907+0.0085595i,0.78066-0.0043145i,0.78019-0.0027586i,0.46601-0.01788i,0.46549-0.0028232i,0.46458+0.0012623i,0.11666-0.96886i,0.11768-0.9675i,0.22887-0.045762i,0.22882-0.011756i,0.22969-0.036047i,0.22953-0.019328i,0.2287+0.00078314i,0.22874-0.0033967i,0.11769+0.96804i,0.1179+0.9632i,0.11768+0.9615i,0.11705+0.96947i,0.11781+0.96434i,0.11611+0.0040688i,0.11623+0.00029144i,0.1175+0.001868i,0.23132+0.040818i,0.23041+0.027909i,0.22864+0.031604i,0.23005+0.039241i,0.23053+0.024132i,0.22869+0.0021764i,0.22865+0.0063562i,0.22996+0.003753i,0.23065-0.0010318i,0.46497+0.0041378i,0.46445+0.0030025i,0.46523+0.041139i,0.46601+0.030697i,0.46614+0.028957i,0.4638+0.035993i,0.46471+0.031907i,0.46497+0.0081859i,0.4651+0.010494i,0.65425+0.53118i,0.65307+0.52612i,0.65354+0.53554i,0.65566+0.5348i,0.77929+0.35229i,0.65549+0.056065i,0.77961+0.010712i,0.77828-0.0023006i,0.77923+0.00035326i,0.78003-0.0060838i,0.7778-0.00074464i,0.46588+5.2278e-05i,0.46419-0.0056614i,0.46432-0.0033535i,0.46601-0.001688i,0.4638-0.012585i,0.46393-0.010277i,0.46471-0.016671i,0.65433-0.53168i,0.65551-0.53352i,0.65529-0.53544i
timestamp,20:12:08.053,is_stable,0,duration,-1,zeros,0.1175+0.001868i,0.22953-0.019328i,0.2288-0.010363i,0.23063+0.00036144i,0.22874-0.0033967i,0.11623+0.00029144i,0.22864+0.031604i,0.46497+0.0041378i,0.65566+0.5348i,0.22969-0.036047i,0.22882-0.011756i,0.11581-0.017889i,0.11598+0.96752i,0.11575+0.9671i,0.11768+0.9615i,0.11769+0.96804i,0.1179+0.9632i,0.11781+0.96434i,0.11705+0.96947i,0.11548+0.0032805i,0.2287+0.00078314i,0.23067+0.030192i,0.22872-0.0020034i,0.23065-0.0010318i,0.46393+0.0383i,0.46497+0.0081859i,0.46536+0.039398i,0.4638+0.035993i,0.65354+0.52938i,0.65425+0.53118i,0.65354+0.53554i,0.65307+0.52612i,0.65401+0.5277i,0.77929+0.35229i,0.7796+0.00049392i,0.78005-0.0020793i,0.77801+0.0018366i,0.65615-0.52942i
timestamp,20:12:37.120,is_stable,0,duration,-1,zeros,0.4638+0.035993i,0.65425+0.53118i,0.65401+0.5277i,0.23053+0.024132i,0.46523+0.041139i,0.65354+0.53554i,0.78003-0.0060838i,0.7778-0.00074464i,0.11613-0.96585i,0.22887-0.045762i,0.22874-0.0033967i,0.22996+0.003753i,0.22882-0.011756i,0.4638+0.011704i,0.4651+0.010494i,0.65354+0.52938i,0.77929+0.35229i,0.65549+0.056065i,0.77923+0.00035326i,0.4638-0.012585i,0.11651-0.96441i,0.11666-0.96886i,0.11768-0.9675i,0.22911-0.043801i,0.22969-0.036047i,0.22953-0.019328i,0.23065-0.0010318i,0.2288-0.010363i,0.22872-0.0020034i,0.11581-0.017889i,0.11623+0.00029144i,0.11781+0.96434i,0.11769+0.96804i,0.11705+0.96947i,0.1179+0.9632i,0.11768+0.9615i,0.1175+0.001868i,0.11611+0.0040688i,0.22864+0.031604i,0.23041+0.027909i,0.23005+0.039241i,0.23067+0.030192i,0.23132+0.040818i,0.22866+0.0049629i,0.22869+0.0021764i,0.22865+0.0063562i,0.2287+0.00078314i,0.23063+0.00036144i,0.46497+0.0041378i,0.46445+0.0030025i,0.46601+0.030697i,0.46393+0.0383i,0.46536+0.039398i,0.46471+0.031907i,0.46614+0.028957i,0.46549+0.021466i,0.46497+0.0081859i,0.65307+0.52612i,0.65566+0.5348i,0.77961+0.010712i,0.77907+0.0085595i,0.77828-0.0023006i,0.78066-0.0043145i,0.78019-0.0027586i,0.46549-0.0028232i,0.46588+5.2278e-05i,0.46393-0.010277i,0.46432-0.0033535i,0.46601-0.001688i,0.46458+0.0012623i,0.46419-0.0056614i,0.46471-0.016671i,0.46601-0.01788i,0.46367-0.059422i,0.65433-0.53168i,0.65529-0.53544i,0.65551-0.53352i
timestamp,20:12:42.667,is_stable,0,duration,-1,zeros,0.4638+0.035993i,0.65425+0.53118i,0.65401+0.5277i,0.23053+0.024132i,0.46523+0.041139i,0.65354+0.53554i,0.78003-0.0060838i,0.7778-0.00074464i,0.11613-0.96585i,0.22887-0.045762i,0.22874-0.0033967i,0.22996+0.003753i,0.22882-0.011756i,0.4638+0.011704i,0.4651+0.010494i,0.65354+0.52938i,0.77929+0.35229i,0.65549+0.056065i,0.77923+0.00035326i,0.4638-0.012585i,0.11651-0.96441i,0.11666-0.96886i,0.11768-0.9675i,0.22911-0.043801i,0.22969-0.036047i,0.22953-0.019328i,0.23065-0.0010318i,0.2288-0.010363i,0.22872-0.0020034i,0.11581-0.017889i,0.11623+0.00029144i,0.11781+0.96434i,0.11769+0.96804i,0.11705+0.96947i,0.1179+0.9632i,0.11768+0.9615i,0.1175+0.001868i,0.11611+0.0040688i,0.22864+0.031604i,0.23041+0.027909i,0.23005+0.039241i,0.23067+0.030192i,0.23132+0.040818i,0.22866+0.0049629i,0.22869+0.0021764i,0.22865+0.0063562i,0.2287+0.00078314i,0.23063+0.00036144i,0.46497+0.0041378i,0.46445+0.0030025i,0.46601+0.030697i,0.46393+0.0383i,0.46536+0.039398i,0.46471+0.031907i,0.46614+0.028957i,0.46549+0.021466i,0.46497+0.0081859i,0.65307+0.52612i,0.65566+0.5348i,0.77961+0.010712i,0.77907+0.0085595i,0.77828-0.0023006i,0.78066-0.0043145i,0.78019-0.0027586i,0.46549-0.0028232i,0.46588+5.2278e-05i,0.46393-0.010277i,0.46432-0.0033535i,0.46601-0.001688i,0.46458+0.0012623i,0.46419-0.0056614i,0.46471-0.016671i,0.46601-0.01788i,0.46367-0.059422i,0.65433-0.53168i,0.65529-0.53544i,0.65551-0.53352i
timestamp,20:13:00.799,is_stable,0,duration,-1,zeros,0.4638+0.035993i,0.65425+0.53118i,0.65401+0.5277i,0.23053+0.024132i,0.46523+0.041139i,0.65354+0.53554i,0.78003-0.0060838i,0.7778-0.00074464i,0.11613-0.96585i,0.22887-0.045762i,0.22874-0.0033967i,0.22996+0.003753i,0.22882-0.011756i,0.4638+0.011704i,0.4651+0.010494i,0.65354+0.52938i,0.77929+0.35229i,0.65549+0.056065i,0.77923+0.00035326i,0.4638-0.012585i,0.11651-0.96441i,0.11666-0.96886i,0.11768-0.9675i,0.22911-0.043801i,0.22969-0.036047i,0.22953-0.019328i,0.23065-0.0010318i,0.2288-0.010363i,0.22872-0.0020034i,0.11581-0.017889i,0.11623+0.00029144i,0.11781+0.96434i,0.11769+0.96804i,0.11705+0.96947i,0.1179+0.9632i,0.11768+0.9615i,0.1175+0.001868i,0.11611+0.0040688i,0.22864+0.031604i,0.23041+0.027909i,0.23005+0.039241i,0.23067+0.030192i,0.23132+0.040818i,0.22866+0.0049629i,0.22869+0.0021764i,0.22865+0.0063562i,0.2287+0.00078314i,0.23063+0.00036144i,0.46497+0.0041378i,0.46445+0.0030025i,0.46601+0.030697i,0.46393+0.0383i,0.46536+0.039398i,0.46471+0.031907i,0.46614+0.028957i,0.46549+0.021466i,0.46497+0.0081859i,0.65307+0.52612i,0.65566+0.5348i,0.77961+0.010712i,0.77907+0.0085595i,0.77828-0.0023006i,0.78066-0.0043145i,0.78019-0.0027586i,0.46549-0.0028232i,0.46588+5.2278e-05i,0.46393-0.010277i,0.46432-0.0033535i,0.46601-0.001688i,0.46458+0.0012623i,0.46419-0.0056614i,0.46471-0.016671i,0.46601-0.01788i,0.46367-0.059422i,0.65433-0.53168i,0.65529-0.53544i,0.65551-0.53352i
timestamp,20:14:01.210,is_stable,0,duration,-1,zeros,0.4638+0.035993i,0.65425+0.53118i,0.65401+0.5277i,0.23053+0.024132i,0.46523+0.041139i,0.65354+0.53554i,0.78003-0.0060838i,0.7778-0.00074464i,0.11613-0.96585i,0.22887-0.045762i,0.22874-0.0033967i,0.22996+0.003753i,0.22882-0.011756i,0.4638+0.011704i,0.4651+0.010494i,0.65354+0.52938i,0.77929+0.35229i,0.65549+0.056065i,0.77923+0.00035326i,0.4638-0.012585i,0.11651-0.96441i,0.11666-0.96886i,0.11768-0.9675i,0.22911-0.043801i,0.22969-0.036047i,0.22953-0.019328i,0.23065-0.0010318i,0.2288-0.010363i,0.22872-0.0020034i,0.11581-0.017889i,0.11623+0.00029144i,0.11781+0.96434i,0.11769+0.96804i,0.11705+0.96947i,0.1179+0.9632i,0.11768+0.9615i,0.1175+0.001868i,0.11611+0.0040688i,0.22864+0.031604i,0.23041+0.027909i,0.23005+0.039241i,0.23067+0.030192i,0.23132+0.040818i,0.22866+0.0049629i,0.22869+0.0021764i,0.22865+0.0063562i,0.2287+0.00078314i,0.23063+0.00036144i,0.46497+0.0041378i,0.46445+0.0030025i,0.46601+0.030697i,0.46393+0.0383i,0.46536+0.039398i,0.46471+0.031907i,0.46614+0.028957i,0.46549+0.021466i,0.46497+0.0081859i,0.65307+0.52612i,0.65566+0.5348i,0.77961+0.010712i,0.77907+0.0085595i,0.77828-0.0023006i,0.78066-0.0043145i,0.78019-0.0027586i,0.46549-0.0028232i,0.46588+5.2278e-05i,0.46393-0.010277i,0.46432-0.0033535i,0.46601-0.001688i,0.46458+0.0012623i,0.46419-0.0056614i,0.46471-0.016671i,0.46601-0.01788i,0.46367-0.059422i,0.65433-0.53168i,0.65529-0.53544i,0.65551-0.53352i
timestamp,20:15:55.398,is_stable,0,duration,-1,zeros,0.4638+0.035993i,0.65425+0.53118i,0.65401+0.5277i,0.23053+0.024132i,0.46523+0.041139i,0.65354+0.53554i,0.78003-0.0060838i,0.7778-0.00074464i,0.11613-0.96585i,0.22887-0.045762i,0.22874-0.0033967i,0.22996+0.003753i,0.22882-0.011756i,0.4638+0.011704i,0.4651+0.010494i,0.65354+0.52938i,0.77929+0.35229i,0.65549+0.056065i,0.77923+0.00035326i,0.4638-0.012585i,0.11651-0.96441i,0.11666-0.96886i,0.11768-0.9675i,0.22911-0.043801i,0.22969-0.036047i,0.22953-0.019328i,0.23065-0.0010318i,0.2288-0.010363i,0.22872-0.0020034i,0.11581-0.017889i,0.11623+0.00029144i,0.11781+0.96434i,0.11769+0.96804i,0.11705+0.96947i,0.1179+0.9632i,0.11768+0.9615i,0.1175+0.001868i,0.11611+0.0040688i,0.22864+0.031604i,0.23041+0.027909i,0.23005+0.039241i,0.23067+0.030192i,0.23132+0.040818i,0.22866+0.0049629i,0.22869+0.0021764i,0.22865+0.0063562i,0.2287+0.00078314i,0.23063+0.00036144i,0.46497+0.0041378i,0.46445+0.0030025i,0.46601+0.030697i,0.46393+0.0383i,0.46536+0.039398i,0.46471+0.031907i,0.46614+0.028957i,0.46549+0.021466i,0.46497+0.0081859i,0.65307+0.52612i,0.65566+0.5348i,0.77961+0.010712i,0.77907+0.0085595i,0.77828-0.0023006i,0.78066-0.0043145i,0.78019-0.0027586i,0.46549-0.0028232i,0.46588+5.2278e-05i,0.46393-0.010277i,0.46432-0.0033535i,0.46601-0.001688i,0.46458+0.0012623i,0.46419-0.0056614i,0.46471-0.016671i,0.46601-0.01788i,0.46367-0.059422i,0.65433-0.53168i,0.65529-0.53544i,0.65551-0.53352i
timestamp,20:16:43.415,is_stable,0,duration,-1,zeros,0.4638+0.035993i,0.65425+0.53118i,0.65401+0.5277i,0.23053+0.024132i,0.46523+0.041139i,0.65354+0.53554i,0.78003-0.0060838i,0.7778-0.00074464i,0.11613-0.96585i,0.22887-0.045762i,0.22874-0.0033967i,0.22996+0.003753i,0.22882-0.011756i,0.4638+0.011704i,0.4651+0.010494i,0.65354+0.52938i,0.77929+0.35229i,0.65549+0.056065i,0.77923+0.00035326i,0.4638-0.012585i,0.11651-0.96441i,0.11666-0.96886i,0.11768-0.9675i,0.22911-0.043801i,0.22969-0.036047i,0.22953-0.019328i,0.23065-0.0010318i,0.2288-0.010363i,0.22872-0.0020034i,0.11581-0.017889i,0.11623+0.00029144i,0.11781+0.96434i,0.11769+0.96804i,0.11705+0.96947i,0.1179+0.9632i,0.11768+0.9615i,0.1175+0.001868i,0.11611+0.0040688i,0.22864+0.031604i,0.23041+0.027909i,0.23005+0.039241i,0.23067+0.030192i,0.23132+0.040818i,0.22866+0.0049629i,0.22869+0.0021764i,0.22865+0.0063562i,0.2287+0.00078314i,0.23063+0.00036144i,0.46497+0.0041378i,0.46445+0.0030025i,0.46601+0.030697i,0.46393+0.0383i,0.46536+0.039398i,0.46471+0.031907i,0.46614+0.028957i,0.46549+0.021466i,0.46497+0.0081859i,0.65307+0.52612i,0.65566+0.5348i,0.77961+0.010712i,0.77907+0.0085595i,0.77828-0.0023006i,0.78066-0.0043145i,0.78019-0.0027586i,0.46549-0.0028232i,0.46588+5.2278e-05i,0.46393-0.010277i,0.46432-0.0033535i,0.46601-0.001688i,0.46458+0.0012623i,0.46419-0.0056614i,0.46471-0.016671i,0.46601-0.01788i,0.46367-0.059422i,0.65433-0.53168i,0.65529-0.53544i,0.65551-0.53352i
timestamp,20:16:48.786,is_stable,0,duration,-1,zeros,0.4638+0.035993i,0.65425+0.53118i,0.65401+0.5277i,0.23053+0.024132i,0.46523+0.041139i,0.65354+0.53554i,0.78003-0.0060838i,0.7778-0.00074464i,0.11613-0.96585i,0.22887-0.045762i,0.22874-0.0033967i,0.22996+0.003753i,0.22882-0.011756i,0.4638+0.011704i,0.4651+0.010494i,0.65354+0.52938i,0.77929+0.35229i,0.65549+0.056065i,0.77923+0.00035326i,0.4638-0.012585i,0.11651-0.96441i,0.11666-0.96886i,0.11768-0.9675i,0.22911-0.043801i,0.22969-0.036047i,0.22953-0.019328i,0.23065-0.0010318i,0.2288-0.010363i,0.22872-0.0020034i,0.11581-0.017889i,0.11623+0.00029144i,0.11781+0.96434i,0.11769+0.96804i,0.11705+0.96947i,0.1179+0.9632i,0.11768+0.9615i,0.1175+0.001868i,0.11611+0.0040688i,0.22864+0.031604i,0.23041+0.027909i,0.23005+0.039241i,0.23067+0.030192i,0.23132+0.040818i,0.22866+0.0049629i,0.22869+0.0021764i,0.22865+0.0063562i,0.2287+0.00078314i,0.23063+0.00036144i,0.46497+0.0041378i,0.46445+0.0030025i,0.46601+0.030697i,0.46393+0.0383i,0.46536+0.039398i,0.46471+0.031907i,0.46614+0.028957i,0.46549+0.021466i,0.46497+0.0081859i,0.65307+0.52612i,0.65566+0.5348i,0.77961+0.010712i,0.77907+0.0085595i,0.77828-0.0023006i,0.78066-0.0043145i,0.78019-0.0027586i,0.46549-0.0028232i,0.46588+5.2278e-05i,0.46393-0.010277i,0.46432-0.0033535i,0.46601-0.001688i,0.46458+0.0012623i,0.46419-0.0056614i,0.46471-0.016671i,0.46601-0.01788i,0.46367-0.059422i,0.65433-0.53168i,0.65529-0.53544i,0.65551-0.53352i
timestamp,20:16:54.650,is_stable,0,duration,-1,zeros,0.4638+0.035993i,0.65425+0.53118i,0.65401+0.5277i,0.23053+0.024132i,0.46523+0.041139i,0.65354+0.53554i,0.78003-0.0060838i,0.7778-0.00074464i,0.11613-0.96585i,0.22887-0.045762i,0.22874-0.0033967i,0.22996+0.003753i,0.22882-0.011756i,0.4638+0.011704i,0.4651+0.010494i,0.65354+0.52938i,0.77929+0.35229i,0.65549+0.056065i,0.77923+0.00035326i,0.4638-0.012585i,0.11651-0.96441i,0.11666-0.96886i,0.11768-0.9675i,0.22911-0.043801i,0.22969-0.036047i,0.22953-0.019328i,0.23065-0.0010318i,0.2288-0.010363i,0.22872-0.0020034i,0.11581-0.017889i,0.11623+0.00029144i,0.11781+0.96434i,0.11769+0.96804i,0.11705+0.96947i,0.1179+0.9632i,0.11768+0.9615i,0.1175+0.001868i,0.11611+0.0040688i,0.22864+0.031604i,0.23041+0.027909i,0.23005+0.039241i,0.23067+0.030192i,0.23132+0.040818i,0.22866+0.0049629i,0.22869+0.0021764i,0.22865+0.0063562i,0.2287+0.00078314i,0.23063+0.00036144i,0.46497+0.0041378i,0.46445+0.0030025i,0.46601+0.030697i,0.46393+0.0383i,0.46536+0.039398i,0.46471+0.031907i,0.46614+0.028957i,0.46549+0.021466i,0.46497+0.0081859i,0.65307+0.52612i,0.65566+0.5348i,0.77961+0.010712i,0.77907+0.0085595i,0.77828-0.0023006i,0.78066-0.0043145i,0.78019-0.0027586i,0.46549-0.0028232i,0.46588+5.2278e-05i,0.46393-0.010277i,0.46432-0.0033535i,0.46601-0.001688i,0.46458+0.0012623i,0.46419-0.0056614i,0.46471-0.016671i,0.46601-0.01788i,0.46367-0.059422i,0.65433-0.53168i,0.65529-0.53544i,0.65551-0.53352i
timestamp,20:17:04.290,is_stable,0,duration,-1,zeros,0.4638+0.035993i,0.65425+0.53118i,0.65401+0.5277i,0.23053+0.024132i,0.46523+0.041139i,0.65354+0.53554i,0.78003-0.0060838i,0.7778-0.00074464i,0.11613-0.96585i,0.22887-0.045762i,0.22874-0.0033967i,0.22996+0.003753i,0.22882-0.011756i,0.4638+0.011704i,0.4651+0.010494i,0.65354+0.52938i,0.77929+0.35229i,0.65549+0.056065i,0.77923+0.00035326i,0.4638-0.012585i,0.11651-0.96441i,0.11666-0.96886i,0.11768-0.9675i,0.22911-0.043801i,0.22969-0.036047i,0.22953-0.019328i,0.23065-0.0010318i,0.2288-0.010363i,0.22872-0.0020034i,0.11581-0.017889i,0.11623+0.00029144i,0.11781+0.96434i,0.11769+0.96804i,0.11705+0.96947i,0.1179+0.9632i,0.11768+0.9615i,0.1175+0.001868i,0.11611+0.0040688i,0.22864+0.031604i,0.23041+0.027909i,0.23005+0.039241i,0.23067+0.030192i,0.23132+0.040818i,0.22866+0.0049629i,0.22869+0.0021764i,0.22865+0.0063562i,0.2287+0.00078314i,0.23063+0.00036144i,0.46497+0.0041378i,0.46445+0.0030025i,0.46601+0.030697i,0.46393+0.0383i,0.46536+0.039398i,0.46471+0.031907i,0.46614+0.028957i,0.46549+0.021466i,0.46497+0.0081859i,0.65307+0.52612i,0.65566+0.5348i,0.77961+0.010712i,0.77907+0.0085595i,0.77828-0.0023006i,0.78066-0.0043145i,0.78019-0.0027586i,0.46549-0.0028232i,0.46588+5.2278e-05i,0.46393-0.010277i,0.46432-0.0033535i,0.46601-0.001688i,0.46458+0.0012623i,0.46419-0.0056614i,0.46471-0.016671i,0.46601-0.01788i,0.46367-0.059422i,0.65433-0.53168i,0.65529-0.53544i,0.65551-0.53352i
timestamp,20:17:09.762,is_stable,0,duration,-1,zeros,0.4638+0.035993i,0.65425+0.53118i,0.65401+0.5277i,0.23053+0.024132i,0.46523+0.041139i,0.65354+0.53554i,0.78003-0.0060838i,0.7778-0.00074464i,0.11613-0.96585i,0.22887-0.045762i,0.22874-0.0033967i,0.22996+0.003753i,0.22882-0.011756i,0.4638+0.011704i,0.4651+0.010494i,0.65354+0.52938i,0.77929+0.35229i,0.65549+0.056065i,0.77923+0.00035326i,0.4638-0.012585i,0.11651-0.96441i,0.11666-0.96886i,0.11768-0.9675i,0.22911-0.043801i,0.22969-0.036047i,0.22953-0.019328i,0.23065-0.0010318i,0.2288-0.010363i,0.22872-0.0020034i,0.11581-0.017889i,0.11623+0.00029144i,0.11781+0.96434i,0.11769+0.96804i,0.11705+0.96947i,0.1179+0.9632i,0.11768+0.9615i,0.1175+0.001868i,0.11611+0.0040688i,0.22864+0.031604i,0.23041+0.027909i,0.23005+0.039241i,0.23067+0.030192i,0.23132+0.040818i,0.22866+0.0049629i,0.22869+0.0021764i,0.22865+0.0063562i,0.2287+0.00078314i,0.23063+0.00036144i,0.46497+0.0041378i,0.46445+0.0030025i,0.46601+0.030697i,0.46393+0.0383i,0.46536+0.039398i,0.46471+0.031907i,0.46614+0.028957i,0.46549+0.021466i,0.46497+0.0081859i,0.65307+0.52612i,0.65566+0.5348i,0.77961+0.010712i,0.77907+0.0085595i,0.77828-0.0023006i,0.78066-0.0043145i,0.78019-0.0027586i,0.46549-0.0028232i,0.46588+5.2278e-05i,0.46393-0.010277i,0.46432-0.0033535i,0.46601-0.001688i,0.46458+0.0012623i,0.46419-0.0056614i,0.46471-0.016671i,0.46601-0.01788i,0.46367-0.059422i,0.65433-0.53168i,0.65529-0.53544i,0.65551-0.53352i
timestamp,20:17:26.245,is_stable,0,duration,-1,zeros,0.4638+0.035993i,0.65425+0.53118i,0.65401+0.5277i,0.23053+0.024132i,0.46523+0.041139i,0.65354+0.53554i,0.78003-0.0060838i,0.7778-0.00074464i,0.11613-0.96585i,0.22887-0.045762i,0.22874-0.0033967i,0.22996+0.003753i,0.22882-0.011756i,0.4638+0.011704i,0.4651+0.010494i,0.65354+0.52938i,0.77929+0.35229i,0.65549+0.056065i,0.77923+0.00035326i,0.4638-0.012585i,0.11651-0.96441i,0.11666-0.96886i,0.11768-0.9675i,0.22911-0.043801i,0.22969-0.036047i,0.22953-0.019328i,0.23065-0.0010318i,0.2288-0.010363i,0.22872-0.0020034i,0.11581-0.017889i,0.11623+0.00029144i,0.11781+0.96434i,0.11769+0.96804i,0.11705+0.96947i,0.1179+0.9632i,0.11768+0.9615i,0.1175+0.001868i,0.11611+0.0040688i,0.22864+0.031604i,0.23041+0.027909i,0.23005+0.039241i,0.23067+0.030192i,0.23132+0.040818i,0.22866+0.0049629i,0.22869+0.0021764i,0.22865+0.0063562i,0.2287+0.00078314i,0.23063+0.00036144i,0.46497+0.0041378i,0.46445+0.0030025i,0.46601+0.030697i,0.46393+0.0383i,0.46536+0.039398i,0.46471+0.031907i,0.46614+0.028957i,0.46549+0.021466i,0.46497+0.0081859i,0.65307+0.52612i,0.65566+0.5348i,0.77961+0.010712i,0.77907+0.0085595i,0.77828-0.0023006i,0.78066-0.0043145i,0.78019-0.0027586i,0.46549-0.0028232i,0.46588+5.2278e-05i,0.46393-0.010277i,0.46432-0.0033535i,0.46601-0.001688i,0.46458+0.0012623i,0.46419-0.0056614i,0.46471-0.016671i,0.46601-0.01788i,0.46367-0.059422i,0.65433-0.53168i,0.65529-0.53544i,0.65551-0.53352i
timestamp,20:18:53.312,is_stable,0,duration,-1,zeros,0.4638+0.035993i,0.65425+0.53118i,0.65401+0.5277i,0.23053+0.024132i,0.46523+0.041139i,0.65354+0.53554i,0.78003-0.0060838i,0.7778-0.00074464i,0.11613-0.96585i,0.22887-0.045762i,0.22874-0.0033967i,0.22996+0.003753i,0.22882-0.011756i,0.4638+0.011704i,0.4651+0.010494i,0.65354+0.52938i,0.77929+0.35229i,0.65549+0.056065i,0.77923+0.00035326i,0.4638-0.012585i,0.11651-0.96441i,0.11666-0.96886i,0.11768-0.9675i,0.22911-0.043801i,0.22969-0.036047i,0.22953-0.019328i,0.23065-0.0010318i,0.2288-0.010363i,0.22872-0.0020034i,0.11581-0.017889i,0.11623+0.00029144i,0.11781+0.96434i,0.11769+0.96804i,0.11705+0.96947i,0.1179+0.9632i,0.11768+0.9615i,0.1175+0.001868i,0.11611+0.0040688i,0.22864+0.031604i,0.23041+0.027909i,0.23005+0.039241i,0.23067+0.030192i,0.23132+0.040818i,0.22866+0.0049629i,0.22869+0.0021764i,0.22865+0.0063562i,0.2287+0.00078314i,0.23063+0.00036144i,0.46497+0.0041378i,0.46445+0.0030025i,0.46601+0.030697i,0.46393+0.0383i,0.46536+0.039398i,0.46471+0.031907i,0.46614+0.028957i,0.46549+0.021466i,0.46497+0.0081859i,0.65307+0.52612i,0.65566+0.5348i,0.77961+0.010712i,0.77907+0.0085595i,0.77828-0.0023006i,0.78066-0.0043145i,0.78019-0.0027586i,0.46549-0.0028232i,0.46588+5.2278e-05i,0.46393-0.010277i,0.46432-0.0033535i,0.46601-0.001688i,0.46458+0.0012623i,0.46419-0.0056614i,0.46471-0.016671i,0.46601-0.01788i,0.46367-0.059422i,0.65433-0.53168i,0.65529-0.53544i,0.65551-0.53352i
timestamp,20:19:59.529,is_stable,0,duration,-1,zeros,0.4638+0.035993i,0.65425+0.53118i,0.65401+0.5277i,0.23053+0.024132i,0.46523+0.041139i,0.65354+0.53554i,0.78003-0.0060838i,0.7778-0.00074464i,0.11613-0.96585i,0.22887-0.045762i,0.22874-0.0033967i,0.22996+0.003753i,0.22882-0.011756i,0.4638+0.011704i,0.4651+0.010494i,0.65354+0.52938i,0.77929+0.35229i,0.65549+0.056065i,0.77923+0.00035326i,0.4638-0.012585i,0.11651-0.96441i,0.11666-0.96886i,0.11768-0.9675i,0.22911-0.043801i,0.22969-0.036047i,0.22953-0.019328i,0.23065-0.0010318i,0.2288-0.010363i,0.22872-0.0020034i,0.11581-0.017889i,0.11623+0.00029144i,0.11781+0.96434i,0.11769+0.96804i,0.11705+0.96947i,0.1179+0.9632i,0.11768+0.9615i,0.1175+0.001868i,0.11611+0.0040688i,0.22864+0.031604i,0.23041+0.027909i,0.23005+0.039241i,0.23067+0.030192i,0.23132+0.040818i,0.22866+0.0049629i,0.22869+0.0021764i,0.22865+0.0063562i,0.2287+0.00078314i,0.23063+0.00036144i,0.46497+0.0041378i,0.46445+0.0030025i,0.46601+0.030697i,0.46393+0.0383i,0.46536+0.039398i,0.46471+0.031907i,0.46614+0.028957i,0.46549+0.021466i,0.46497+0.0081859i,0.65307+0.52612i,0.65566+0.5348i,0.77961+0.010712i,0.77907+0.0085595i,0.77828-0.0023006i,0.78066-0.0043145i,0.78019-0.0027586i,0.46549-0.0028232i,0.46588+5.2278e-05i,0.46393-0.010277i,0.46432-0.0033535i,0.46601-0.001688i,0.46458+0.0012623i,0.46419-0.0056614i,0.46471-0.016671i,0.46601-0.01788i,0.46367-0.059422i,0.65433-0.53168i,0.65529-0.53544i,0.65551-0.53352i
timestamp,20:20:37.272,is_stable,1,duration,-1,zeros,timestamp,20:20:52.946,is_stable,0,duration,-1,zeros,0.4638+0.035993i,0.65425+0.53118i,0.65401+0.5277i,0.23053+0.024132i,0.46523+0.041139i,0.65354+0.53554i,0.78003-0.0060838i,0.7778-0.00074464i,0.11613-0.96585i,0.22887-0.045762i,0.22874-0.0033967i,0.22996+0.003753i,0.22882-0.011756i,0.4638+0.011704i,0.4651+0.010494i,0.65354+0.52938i,0.77929+0.35229i,0.65549+0.056065i,0.77923+0.00035326i,0.4638-0.012585i,0.11651-0.96441i,0.11666-0.96886i,0.11768-0.9675i,0.22911-0.043801i,0.22969-0.036047i,0.22953-0.019328i,0.23065-0.0010318i,0.2288-0.010363i,0.22872-0.0020034i,0.11581-0.017889i,0.11623+0.00029144i,0.11781+0.96434i,0.11769+0.96804i,0.11705+0.96947i,0.1179+0.9632i,0.11768+0.9615i,0.1175+0.001868i,0.11611+0.0040688i,0.22864+0.031604i,0.23041+0.027909i,0.23005+0.039241i,0.23067+0.030192i,0.23132+0.040818i,0.22866+0.0049629i,0.22869+0.0021764i,0.22865+0.0063562i,0.2287+0.00078314i,0.23063+0.00036144i,0.46497+0.0041378i,0.46445+0.0030025i,0.46601+0.030697i,0.46393+0.0383i,0.46536+0.039398i,0.46471+0.031907i,0.46614+0.028957i,0.46549+0.021466i,0.46497+0.0081859i,0.65307+0.52612i,0.65566+0.5348i,0.77961+0.010712i,0.77907+0.0085595i,0.77828-0.0023006i,0.78066-0.0043145i,0.78019-0.0027586i,0.46549-0.0028232i,0.46588+5.2278e-05i,0.46393-0.010277i,0.46432-0.0033535i,0.46601-0.001688i,0.46458+0.0012623i,0.46419-0.0056614i,0.46471-0.016671i,0.46601-0.01788i,0.46367-0.059422i,0.65433-0.53168i,0.65529-0.53544i,0.65551-0.53352i
timestamp,20:28:50.303,is_stable,0,duration,-1,zeros,0.4638+0.035993i,0.65425+0.53118i,0.65401+0.5277i,0.23053+0.024132i,0.46523+0.041139i,0.65354+0.53554i,0.78003-0.0060838i,0.7778-0.00074464i,0.11613-0.96585i,0.22887-0.045762i,0.22874-0.0033967i,0.22996+0.003753i,0.22882-0.011756i,0.4638+0.011704i,0.4651+0.010494i,0.65354+0.52938i,0.77929+0.35229i,0.65549+0.056065i,0.77923+0.00035326i,0.4638-0.012585i,0.11651-0.96441i,0.11666-0.96886i,0.11768-0.9675i,0.22911-0.043801i,0.22969-0.036047i,0.22953-0.019328i,0.23065-0.0010318i,0.2288-0.010363i,0.22872-0.0020034i,0.11581-0.017889i,0.11623+0.00029144i,0.11781+0.96434i,0.11769+0.96804i,0.11705+0.96947i,0.1179+0.9632i,0.11768+0.9615i,0.1175+0.001868i,0.11611+0.0040688i,0.22864+0.031604i,0.23041+0.027909i,0.23005+0.039241i,0.23067+0.030192i,0.23132+0.040818i,0.22866+0.0049629i,0.22869+0.0021764i,0.22865+0.0063562i,0.2287+0.00078314i,0.23063+0.00036144i,0.46497+0.0041378i,0.46445+0.0030025i,0.46601+0.030697i,0.46393+0.0383i,0.46536+0.039398i,0.46471+0.031907i,0.46614+0.028957i,0.46549+0.021466i,0.46497+0.0081859i,0.65307+0.52612i,0.65566+0.5348i,0.77961+0.010712i,0.77907+0.0085595i,0.77828-0.0023006i,0.78066-0.0043145i,0.78019-0.0027586i,0.46549-0.0028232i,0.46588+5.2278e-05i,0.46393-0.010277i,0.46432-0.0033535i,0.46601-0.001688i,0.46458+0.0012623i,0.46419-0.0056614i,0.46471-0.016671i,0.46601-0.01788i,0.46367-0.059422i,0.65433-0.53168i,0.65529-0.53544i,0.65551-0.53352i
timestamp,20:33:31.061,is_stable,1,duration,-1,zeros,timestamp,20:33:54.895,is_stable,1,duration,-1,zeros,timestamp,20:34:08.112,is_stable,1,duration,-1,zeros,timestamp,20:34:26.721,is_stable,1,duration,-1,zeros,timestamp,20:34:41.760,is_stable,1,duration,-1,zeros,timestamp,20:37:55.592,is_stable,1,duration,-1,zeros,timestamp,20:38:03.307,is_stable,1,duration,-1,zeros,timestamp,20:38:43.758,is_stable,1,duration,-1,zeros,timestamp,20:39:20.609,is_stable,0,duration,-1,zeros,0.4638+0.035993i,0.65425+0.53118i,0.65401+0.5277i,0.23053+0.024132i,0.46523+0.041139i,0.65354+0.53554i,0.78003-0.0060838i,0.7778-0.00074464i,0.11613-0.96585i,0.22887-0.045762i,0.22874-0.0033967i,0.22996+0.003753i,0.22882-0.011756i,0.4638+0.011704i,0.4651+0.010494i,0.65354+0.52938i,0.77929+0.35229i,0.65549+0.056065i,0.77923+0.00035326i,0.4638-0.012585i,0.11651-0.96441i,0.11666-0.96886i,0.11768-0.9675i,0.22911-0.043801i,0.22969-0.036047i,0.22953-0.019328i,0.23065-0.0010318i,0.2288-0.010363i,0.22872-0.0020034i,0.11581-0.017889i,0.11623+0.00029144i,0.11781+0.96434i,0.11769+0.96804i,0.11705+0.96947i,0.1179+0.9632i,0.11768+0.9615i,0.1175+0.001868i,0.11611+0.0040688i,0.22864+0.031604i,0.23041+0.027909i,0.23005+0.039241i,0.23067+0.030192i,0.23132+0.040818i,0.22866+0.0049629i,0.22869+0.0021764i,0.22865+0.0063562i,0.2287+0.00078314i,0.23063+0.00036144i,0.46497+0.0041378i,0.46445+0.0030025i,0.46601+0.030697i,0.46393+0.0383i,0.46536+0.039398i,0.46471+0.031907i,0.46614+0.028957i,0.46549+0.021466i,0.46497+0.0081859i,0.65307+0.52612i,0.65566+0.5348i,0.77961+0.010712i,0.77907+0.0085595i,0.77828-0.0023006i,0.78066-0.0043145i,0.78019-0.0027586i,0.46549-0.0028232i,0.46588+5.2278e-05i,0.46393-0.010277i,0.46432-0.0033535i,0.46601-0.001688i,0.46458+0.0012623i,0.46419-0.0056614i,0.46471-0.016671i,0.46601-0.01788i,0.46367-0.059422i,0.65433-0.53168i,0.65529-0.53544i,0.65551-0.53352i
timestamp,20:39:52.602,is_stable,0,duration,-1,zeros,0.4638+0.035993i,0.65425+0.53118i,0.65401+0.5277i,0.23053+0.024132i,0.46523+0.041139i,0.65354+0.53554i,0.78003-0.0060838i,0.7778-0.00074464i,0.11613-0.96585i,0.22887-0.045762i,0.22874-0.0033967i,0.22996+0.003753i,0.22882-0.011756i,0.4638+0.011704i,0.4651+0.010494i,0.65354+0.52938i,0.77929+0.35229i,0.65549+0.056065i,0.77923+0.00035326i,0.4638-0.012585i,0.11651-0.96441i,0.11666-0.96886i,0.11768-0.9675i,0.22911-0.043801i,0.22969-0.036047i,0.22953-0.019328i,0.23065-0.0010318i,0.2288-0.010363i,0.22872-0.0020034i,0.11581-0.017889i,0.11623+0.00029144i,0.11781+0.96434i,0.11769+0.96804i,0.11705+0.96947i,0.1179+0.9632i,0.11768+0.9615i,0.1175+0.001868i,0.11611+0.0040688i,0.22864+0.031604i,0.23041+0.027909i,0.23005+0.039241i,0.23067+0.030192i,0.23132+0.040818i,0.22866+0.0049629i,0.22869+0.0021764i,0.22865+0.0063562i,0.2287+0.00078314i,0.23063+0.00036144i,0.46497+0.0041378i,0.46445+0.0030025i,0.46601+0.030697i,0.46393+0.0383i,0.46536+0.039398i,0.46471+0.031907i,0.46614+0.028957i,0.46549+0.021466i,0.46497+0.0081859i,0.65307+0.52612i,0.65566+0.5348i,0.77961+0.010712i,0.77907+0.0085595i,0.77828-0.0023006i,0.78066-0.0043145i,0.78019-0.0027586i,0.46549-0.0028232i,0.46588+5.2278e-05i,0.46393-0.010277i,0.46432-0.0033535i,0.46601-0.001688i,0.46458+0.0012623i,0.46419-0.0056614i,0.46471-0.016671i,0.46601-0.01788i,0.46367-0.059422i,0.65433-0.53168i,0.65529-0.53544i,0.65551-0.53352i
timestamp,20:41:53.866,is_stable,0,duration,-1,zeros,0.4638+0.035993i,0.65425+0.53118i,0.65401+0.5277i,0.23053+0.024132i,0.46523+0.041139i,0.65354+0.53554i,0.78003-0.0060838i,0.7778-0.00074464i,0.11613-0.96585i,0.22887-0.045762i,0.22874-0.0033967i,0.22996+0.003753i,0.22882-0.011756i,0.4638+0.011704i,0.4651+0.010494i,0.65354+0.52938i,0.77929+0.35229i,0.65549+0.056065i,0.77923+0.00035326i,0.4638-0.012585i,0.11651-0.96441i,0.11666-0.96886i,0.11768-0.9675i,0.22911-0.043801i,0.22969-0.036047i,0.22953-0.019328i,0.23065-0.0010318i,0.2288-0.010363i,0.22872-0.0020034i,0.11581-0.017889i,0.11623+0.00029144i,0.11781+0.96434i,0.11769+0.96804i,0.11705+0.96947i,0.1179+0.9632i,0.11768+0.9615i,0.1175+0.001868i,0.11611+0.0040688i,0.22864+0.031604i,0.23041+0.027909i,0.23005+0.039241i,0.23067+0.030192i,0.23132+0.040818i,0.22866+0.0049629i,0.22869+0.0021764i,0.22865+0.0063562i,0.2287+0.00078314i,0.23063+0.00036144i,0.46497+0.0041378i,0.46445+0.0030025i,0.46601+0.030697i,0.46393+0.0383i,0.46536+0.039398i,0.46471+0.031907i,0.46614+0.028957i,0.46549+0.021466i,0.46497+0.0081859i,0.65307+0.52612i,0.65566+0.5348i,0.77961+0.010712i,0.77907+0.0085595i,0.77828-0.0023006i,0.78066-0.0043145i,0.78019-0.0027586i,0.46549-0.0028232i,0.46588+5.2278e-05i,0.46393-0.010277i,0.46432-0.0033535i,0.46601-0.001688i,0.46458+0.0012623i,0.46419-0.0056614i,0.46471-0.016671i,0.46601-0.01788i,0.46367-0.059422i,0.65433-0.53168i,0.65529-0.53544i,0.65551-0.53352i
timestamp,20:45:48.173,is_stable,0,duration,-1,zeros,0.4638+0.035993i,0.65425+0.53118i,0.65401+0.5277i,0.23053+0.024132i,0.46523+0.041139i,0.65354+0.53554i,0.78003-0.0060838i,0.7778-0.00074464i,0.11613-0.96585i,0.22887-0.045762i,0.22874-0.0033967i,0.22996+0.003753i,0.22882-0.011756i,0.4638+0.011704i,0.4651+0.010494i,0.65354+0.52938i,0.77929+0.35229i,0.65549+0.056065i,0.77923+0.00035326i,0.4638-0.012585i,0.11651-0.96441i,0.11666-0.96886i,0.11768-0.9675i,0.22911-0.043801i,0.22969-0.036047i,0.22953-0.019328i,0.23065-0.0010318i,0.2288-0.010363i,0.22872-0.0020034i,0.11581-0.017889i,0.11623+0.00029144i,0.11781+0.96434i,0.11769+0.96804i,0.11705+0.96947i,0.1179+0.9632i,0.11768+0.9615i,0.1175+0.001868i,0.11611+0.0040688i,0.22864+0.031604i,0.23041+0.027909i,0.23005+0.039241i,0.23067+0.030192i,0.23132+0.040818i,0.22866+0.0049629i,0.22869+0.0021764i,0.22865+0.0063562i,0.2287+0.00078314i,0.23063+0.00036144i,0.46497+0.0041378i,0.46445+0.0030025i,0.46601+0.030697i,0.46393+0.0383i,0.46536+0.039398i,0.46471+0.031907i,0.46614+0.028957i,0.46549+0.021466i,0.46497+0.0081859i,0.65307+0.52612i,0.65566+0.5348i,0.77961+0.010712i,0.77907+0.0085595i,0.77828-0.0023006i,0.78066-0.0043145i,0.78019-0.0027586i,0.46549-0.0028232i,0.46588+5.2278e-05i,0.46393-0.010277i,0.46432-0.0033535i,0.46601-0.001688i,0.46458+0.0012623i,0.46419-0.0056614i,0.46471-0.016671i,0.46601-0.01788i,0.46367-0.059422i,0.65433-0.53168i,0.65529-0.53544i,0.65551-0.53352i
timestamp,20:53:17.366,is_stable,0,duration,-1,zeros,0.4638+0.035993i,0.65425+0.53118i,0.65401+0.5277i,0.23053+0.024132i,0.46523+0.041139i,0.65354+0.53554i,0.78003-0.0060838i,0.7778-0.00074464i,0.11613-0.96585i,0.22887-0.045762i,0.22874-0.0033967i,0.22996+0.003753i,0.22882-0.011756i,0.4638+0.011704i,0.4651+0.010494i,0.65354+0.52938i,0.77929+0.35229i,0.65549+0.056065i,0.77923+0.00035326i,0.4638-0.012585i,0.11651-0.96441i,0.11666-0.96886i,0.11768-0.9675i,0.22911-0.043801i,0.22969-0.036047i,0.22953-0.019328i,0.23065-0.0010318i,0.2288-0.010363i,0.22872-0.0020034i,0.11581-0.017889i,0.11623+0.00029144i,0.11781+0.96434i,0.11769+0.96804i,0.11705+0.96947i,0.1179+0.9632i,0.11768+0.9615i,0.1175+0.001868i,0.11611+0.0040688i,0.22864+0.031604i,0.23041+0.027909i,0.23005+0.039241i,0.23067+0.030192i,0.23132+0.040818i,0.22866+0.0049629i,0.22869+0.0021764i,0.22865+0.0063562i,0.2287+0.00078314i,0.23063+0.00036144i,0.46497+0.0041378i,0.46445+0.0030025i,0.46601+0.030697i,0.46393+0.0383i,0.46536+0.039398i,0.46471+0.031907i,0.46614+0.028957i,0.46549+0.021466i,0.46497+0.0081859i,0.65307+0.52612i,0.65566+0.5348i,0.77961+0.010712i,0.77907+0.0085595i,0.77828-0.0023006i,0.78066-0.0043145i,0.78019-0.0027586i,0.46549-0.0028232i,0.46588+5.2278e-05i,0.46393-0.010277i,0.46432-0.0033535i,0.46601-0.001688i,0.46458+0.0012623i,0.46419-0.0056614i,0.46471-0.016671i,0.46601-0.01788i,0.46367-0.059422i,0.65433-0.53168i,0.65529-0.53544i,0.65551-0.53352i
timestamp,21:21:37.827,is_stable,0,duration,-1,zeros,0.23053+0.024132i,0.1162+0.96921i,0.77949+0.35168i,0.77961+0.010712i,0.65413-0.53193i,0.22911-0.043801i,0.22882-0.011756i,0.11728+0.96208i,0.11656+0.96402i,0.11695+0.96472i,0.11712+0.96308i,0.1171+0.965i,0.11682+0.96905i,0.11623+0.00029144i,0.23005+0.039241i,0.22866+0.0049629i,0.2287+0.00078314i,0.46497+0.0081859i,0.77909+0.3529i,0.78066-0.0043145i,0.77828-0.0023006i,0.46497+0.0041378i,0.46367+0.0012996i,0.46432-0.0033535i,0.46367-0.059422i,0.65529-0.53544i,0.77835-0.3521i,0.11587-0.96434i,0.11715-0.96448i,0.11768-0.9675i,0.11602-0.96879i,0.11677-0.96592i,0.1173-0.96893i,0.11565-0.97023i,0.11693-0.97037i,0.22887-0.045762i,0.22969-0.036047i,0.22953-0.019328i,0.2288-0.010363i,0.11581-0.017889i,0.11604+0.96957i,0.11662+0.96608i,0.11683+0.96841i,0.11619+0.96985i,0.1163+0.9668i,0.11629+0.96807i,0.11674+0.96955i,0.11694+0.96536i,0.11783+0.96959i,0.1175+0.001868i,0.11611+0.0040688i,0.22874-0.0033967i,0.22996+0.003753i,0.22864+0.031604i,0.23041+0.027909i,0.23067+0.030192i,0.23132+0.040818i,0.22869+0.0021764i,0.22865+0.0063562i,0.23063+0.00036144i,0.23065-0.0010318i,0.22872-0.0020034i,0.46523+0.041139i,0.46445+0.0030025i,0.46458+0.033647i,0.4651+0.010494i,0.46471+0.031907i,0.46536+0.039398i,0.46406+0.03656i,0.46614+0.028957i,0.46393+0.0383i,0.46601+0.030697i,0.46536+0.023206i,0.46549+0.021466i,0.4638+0.011704i,0.46484+0.0018299i,0.65613+0.53436i,0.65542+0.53502i,0.65495+0.53546i,0.65401+0.5277i,0.65307+0.52612i,0.65354+0.53554i,0.65425+0.53118i,0.65354+0.52938i,0.65549+0.056065i,0.77907+0.0085595i,0.7778-0.00074464i,0.78003-0.0060838i,0.78019-0.0027586i,0.77923+0.00035326i,0.46406+0.00012699i,0.46562-0.00051535i,0.46549-0.0028232i,0.46601-0.001688i,0.46601-0.01788i,0.46458-0.01493i,0.46471-0.016671i,0.46406-0.012017i,0.46393-0.010277i,0.46419-0.0056614i,0.65473-0.53118i,0.65491-0.53427i,0.65531-0.53377i,0.77993-0.35172i,0.77882-0.35365i,0.77823-0.35273i
timestamp,21:26:42.708,is_stable,0,duration,-1,zeros,0.4638+0.035993i,0.65425+0.53118i,0.65401+0.5277i,0.23053+0.024132i,0.46523+0.041139i,0.65354+0.53554i,0.78003-0.0060838i,0.7778-0.00074464i,0.11613-0.96585i,0.22887-0.045762i,0.22874-0.0033967i,0.22996+0.003753i,0.22882-0.011756i,0.4638+0.011704i,0.4651+0.010494i,0.65354+0.52938i,0.77929+0.35229i,0.65549+0.056065i,0.77923+0.00035326i,0.4638-0.012585i,0.11651-0.96441i,0.11666-0.96886i,0.11768-0.9675i,0.22911-0.043801i,0.22969-0.036047i,0.22953-0.019328i,0.23065-0.0010318i,0.2288-0.010363i,0.22872-0.0020034i,0.11581-0.017889i,0.11623+0.00029144i,0.11781+0.96434i,0.11769+0.96804i,0.11705+0.96947i,0.1179+0.9632i,0.11768+0.9615i,0.1175+0.001868i,0.11611+0.0040688i,0.22864+0.031604i,0.23041+0.027909i,0.23005+0.039241i,0.23067+0.030192i,0.23132+0.040818i,0.22866+0.0049629i,0.22869+0.0021764i,0.22865+0.0063562i,0.2287+0.00078314i,0.23063+0.00036144i,0.46497+0.0041378i,0.46445+0.0030025i,0.46601+0.030697i,0.46393+0.0383i,0.46536+0.039398i,0.46471+0.031907i,0.46614+0.028957i,0.46549+0.021466i,0.46497+0.0081859i,0.65307+0.52612i,0.65566+0.5348i,0.77961+0.010712i,0.77907+0.0085595i,0.77828-0.0023006i,0.78066-0.0043145i,0.78019-0.0027586i,0.46549-0.0028232i,0.46588+5.2278e-05i,0.46393-0.010277i,0.46432-0.0033535i,0.46601-0.001688i,0.46458+0.0012623i,0.46419-0.0056614i,0.46471-0.016671i,0.46601-0.01788i,0.46367-0.059422i,0.65433-0.53168i,0.65529-0.53544i,0.65551-0.53352i
timestamp,21:32:38.359,is_stable,1,duration,-1,zeros,timestamp,21:34:19.561,is_stable,1,duration,-1,zeros,timestamp,21:34:44.675,is_stable,1,duration,-1,zeros,timestamp,21:34:56.686,is_stable,1,duration,-1,zeros,timestamp,21:35:14.678,is_stable,0,duration,-1,zeros,0.4638+0.035993i,0.65425+0.53118i,0.65401+0.5277i,0.23053+0.024132i,0.46523+0.041139i,0.65354+0.53554i,0.78003-0.0060838i,0.7778-0.00074464i,0.11613-0.96585i,0.22887-0.045762i,0.22874-0.0033967i,0.22996+0.003753i,0.22882-0.011756i,0.4638+0.011704i,0.4651+0.010494i,0.65354+0.52938i,0.77929+0.35229i,0.65549+0.056065i,0.77923+0.00035326i,0.4638-0.012585i,0.11651-0.96441i,0.11666-0.96886i,0.11768-0.9675i,0.22911-0.043801i,0.22969-0.036047i,0.22953-0.019328i,0.23065-0.0010318i,0.2288-0.010363i,0.22872-0.0020034i,0.11581-0.017889i,0.11623+0.00029144i,0.11781+0.96434i,0.11769+0.96804i,0.11705+0.96947i,0.1179+0.9632i,0.11768+0.9615i,0.1175+0.001868i,0.11611+0.0040688i,0.22864+0.031604i,0.23041+0.027909i,0.23005+0.039241i,0.23067+0.030192i,0.23132+0.040818i,0.22866+0.0049629i,0.22869+0.0021764i,0.22865+0.0063562i,0.2287+0.00078314i,0.23063+0.00036144i,0.46497+0.0041378i,0.46445+0.0030025i,0.46601+0.030697i,0.46393+0.0383i,0.46536+0.039398i,0.46471+0.031907i,0.46614+0.028957i,0.46549+0.021466i,0.46497+0.0081859i,0.65307+0.52612i,0.65566+0.5348i,0.77961+0.010712i,0.77907+0.0085595i,0.77828-0.0023006i,0.78066-0.0043145i,0.78019-0.0027586i,0.46549-0.0028232i,0.46588+5.2278e-05i,0.46393-0.010277i,0.46432-0.0033535i,0.46601-0.001688i,0.46458+0.0012623i,0.46419-0.0056614i,0.46471-0.016671i,0.46601-0.01788i,0.46367-0.059422i,0.65433-0.53168i,0.65529-0.53544i,0.65551-0.53352i
timestamp,21:39:05.569,is_stable,1,duration,-1,zeros,timestamp,21:39:16.697,is_stable,0,duration,-1,zeros,0.4638+0.035993i,0.65425+0.53118i,0.65401+0.5277i,0.23053+0.024132i,0.46523+0.041139i,0.65354+0.53554i,0.78003-0.0060838i,0.7778-0.00074464i,0.11613-0.96585i,0.22887-0.045762i,0.22874-0.0033967i,0.22996+0.003753i,0.22882-0.011756i,0.4638+0.011704i,0.4651+0.010494i,0.65354+0.52938i,0.77929+0.35229i,0.65549+0.056065i,0.77923+0.00035326i,0.4638-0.012585i,0.11651-0.96441i,0.11666-0.96886i,0.11768-0.9675i,0.22911-0.043801i,0.22969-0.036047i,0.22953-0.019328i,0.23065-0.0010318i,0.2288-0.010363i,0.22872-0.0020034i,0.11581-0.017889i,0.11623+0.00029144i,0.11781+0.96434i,0.11769+0.96804i,0.11705+0.96947i,0.1179+0.9632i,0.11768+0.9615i,0.1175+0.001868i,0.11611+0.0040688i,0.22864+0.031604i,0.23041+0.027909i,0.23005+0.039241i,0.23067+0.030192i,0.23132+0.040818i,0.22866+0.0049629i,0.22869+0.0021764i,0.22865+0.0063562i,0.2287+0.00078314i,0.23063+0.00036144i,0.46497+0.0041378i,0.46445+0.0030025i,0.46601+0.030697i,0.46393+0.0383i,0.46536+0.039398i,0.46471+0.031907i,0.46614+0.028957i,0.46549+0.021466i,0.46497+0.0081859i,0.65307+0.52612i,0.65566+0.5348i,0.77961+0.010712i,0.77907+0.0085595i,0.77828-0.0023006i,0.78066-0.0043145i,0.78019-0.0027586i,0.46549-0.0028232i,0.46588+5.2278e-05i,0.46393-0.010277i,0.46432-0.0033535i,0.46601-0.001688i,0.46458+0.0012623i,0.46419-0.0056614i,0.46471-0.016671i,0.46601-0.01788i,0.46367-0.059422i,0.65433-0.53168i,0.65529-0.53544i,0.65551-0.53352i
timestamp,21:39:57.253,is_stable,1,duration,-1,zeros,timestamp,21:42:00.230,is_stable,0,duration,-1,zeros,0.23606-0.40256i,0.010047+0.54211i,-0.077956-0.89148i,0.023265-0.45427i,0.31534+0.59178i,0.040085+0.7519i,0.49874+0.017208i,0.14506+0.4586i,0.19535+0.78018i,0.61085+0.54344i,0.30005+0.88258i,0.58054+0.72935i,0.40986+0.28469i,0.45036+0.50827i,0.50599+0.16813i,0.43223-0.12811i,0.6151-0.50573i,-0.0030873-0.63584i,0.41727-0.60185i,0.10713-0.79718i,0.59848-0.28298i
timestamp,22:38:25.653,is_stable,0,duration,-1,zeros,0.23606-0.40256i,0.010047+0.54211i,-0.077956-0.89148i,0.023265-0.45427i,0.31534+0.59178i,0.040085+0.7519i,0.49874+0.017208i,0.14506+0.4586i,0.19535+0.78018i,0.61085+0.54344i,0.30005+0.88258i,0.58054+0.72935i,0.40986+0.28469i,0.45036+0.50827i,0.50599+0.16813i,0.43223-0.12811i,0.6151-0.50573i,-0.0030873-0.63584i,0.41727-0.60185i,0.10713-0.79718i,0.59848-0.28298i
timestamp,11:28:56.807,is_stable,0,duration,-1,zeros,0.79016+0.058819i,0.22879-0.1428i,0.73224+0.17813i,0.20385-0.067751i,0.48677-0.83434i,0.7916-0.10434i,0.14888-0.13732i,0.10197-0.019333i,0.20398+0.62784i,0.1354+0.18988i,0.23688+0.1586i,0.47039+0.18889i,0.48648+0.22682i,0.25661+0.10942i,0.23156+0.65495i,0.44478+0.85583i,0.46808+0.7142i,0.44482+0.38389i,0.44564+0.73455i,0.45049+0.78296i,0.65304+0.55817i,0.61547+0.4355i,0.66339+0.0085101i,0.43639+0.075287i,0.78734+0.098671i,0.48419+0.017806i,0.77285-0.27965i,0.76551-0.061143i,0.47172+0.055329i,0.48558-0.37695i,0.78213-0.15435i,0.6614-0.472i,0.63961-0.078898i,0.62391-0.045385i,0.63821-0.20231i,0.75235-0.4553i,0.46985-0.26297i,0.44512-0.27498i,0.76985-0.38642i,0.11638-0.96366i,0.13153-0.8776i,0.12509-0.32814i,0.096829-0.41611i,0.091732-0.18162i,0.15292-0.10337i,0.19137-0.0027839i,0.12029-0.08592i,0.11219-0.15382i,0.12269+0.63632i,0.094989+0.96554i,0.12027+0.90846i,0.20262+0.91256i,0.12761+0.94191i,0.13657+0.88663i,0.091194+0.41612i,0.11112+0.37209i,0.20593+0.29032i,0.24343+0.29566i,0.12433-0.051971i,0.12234+0.0058914i,0.094032+0.065017i,0.12665+0.12112i,0.098175+0.10154i,0.1125+0.15068i,0.12648+0.042416i,0.19551+0.033741i,0.21798-0.023764i,0.22416+0.13202i,0.21588+0.058966i,0.25247+0.072891i,0.45094-0.054851i,0.67173+0.12272i,0.65223+0.18141i,0.68693+0.069136i,0.43821+0.11302i,0.46133+0.00023907i,0.43476+0.2491i,0.50599+0.16813i,0.48989+0.13019i,0.62529+0.32726i,0.43473+0.28855i,0.47244+0.25341i,0.25713+0.27039i,0.22572+0.19785i,0.1446+0.25435i,0.12124+0.21944i,0.24953+0.22847i,0.13091+0.27962i,0.19223+0.31559i,0.20911+0.69503i,0.14159+0.85562i,0.26756+0.51184i,0.43458+0.87883i,0.48+0.4429i,0.46508+0.47595i,0.48768+0.49432i,0.45241+0.42581i,0.60595+0.2991i,0.79986+0.32008i,0.65318+0.40037i,0.67698+0.34443i,0.67048+0.364i,0.68982+0.39215i,0.61544+0.47495i,0.65308+0.51872i,0.67176+0.6984i,0.66069+0.43279i,0.74151+0.40932i,0.76101+0.35063i,0.76085+0.43748i,0.77385+0.39835i,0.78035+0.37878i,0.79335+0.33965i,0.78051+0.29193i,0.68782+0.16065i,0.74833+0.21606i,0.76783+0.15737i,0.74849+0.12921i,0.6968+0.11204i,0.75499+0.10965i,0.7033+0.092474i,0.75739+0.039727i,0.62922-0.13399i,0.65114+0.054172i,0.63776+0.021854i,0.65648-0.14533i,0.66455-0.024406i,0.79508-0.073543i,0.76319+0.0046888i,0.76251-0.03837i,0.78861-0.016793i,0.82094-0.20829i,0.77976-0.32012i,0.67194-0.20562i,0.63414-0.33112i,0.75458-0.33663i,0.6152-0.30162i,0.61887-0.28133i,0.62806-0.23061i,0.64517-0.27026i,0.67542-0.17483i,0.76319-0.12485i,0.61352-0.10047i,0.4738-0.037285i,0.46341-0.092375i,0.49873-0.11233i,0.13922-0.28415i,0.26183-0.17739i,0.45135-0.22898i,0.4598-0.38634i,0.20884-0.27738i,0.44906-0.30838i,0.47012-0.31665i,0.47874-0.41584i,0.25642-0.37734i,0.24229-0.42132i,0.26494-0.44623i,0.2225-0.69783i,0.25081-0.49022i,0.24155-0.68996i,0.25005-0.73816i,0.14634-0.84563i,0.24477-0.7662i,0.20566-0.89224i,0.47155-0.73363i,0.49271-0.79762i,0.46295-0.84417i,0.66419-0.61381i,0.46031-0.85819i,0.47937-0.85032i,0.6612-0.59103i,0.47482-0.77074i,0.47221-0.44255i,0.48906-0.34616i,0.69001-0.39722i,0.63598-0.45052i,0.80656-0.51193i,0.6526-0.41419i,0.67938-0.34955i,0.75091-0.35691i,0.73525-0.41565i,0.80744-0.47937i,0.79256-0.4506i,0.64177-0.6151i,0.65588-0.50243i
timestamp,11:41:53.818,is_stable,0,duration,-1,zeros,0.79016+0.058819i,0.22879-0.1428i,0.73224+0.17813i,0.20385-0.067751i,0.48677-0.83434i,0.7916-0.10434i,0.14888-0.13732i,0.10197-0.019333i,0.20398+0.62784i,0.1354+0.18988i,0.23688+0.1586i,0.47039+0.18889i,0.48648+0.22682i,0.25661+0.10942i,0.23156+0.65495i,0.44478+0.85583i,0.46808+0.7142i,0.44482+0.38389i,0.44564+0.73455i,0.45049+0.78296i,0.65304+0.55817i,0.61547+0.4355i,0.66339+0.0085101i,0.43639+0.075287i,0.78734+0.098671i,0.48419+0.017806i,0.77285-0.27965i,0.76551-0.061143i,0.47172+0.055329i,0.48558-0.37695i,0.78213-0.15435i,0.6614-0.472i,0.63961-0.078898i,0.62391-0.045385i,0.63821-0.20231i,0.75235-0.4553i,0.46985-0.26297i,0.44512-0.27498i,0.76985-0.38642i,0.11638-0.96366i,0.13153-0.8776i,0.12509-0.32814i,0.096829-0.41611i,0.091732-0.18162i,0.15292-0.10337i,0.19137-0.0027839i,0.12029-0.08592i,0.11219-0.15382i,0.12269+0.63632i,0.094989+0.96554i,0.12027+0.90846i,0.20262+0.91256i,0.12761+0.94191i,0.13657+0.88663i,0.091194+0.41612i,0.11112+0.37209i,0.20593+0.29032i,0.24343+0.29566i,0.12433-0.051971i,0.12234+0.0058914i,0.094032+0.065017i,0.12665+0.12112i,0.098175+0.10154i,0.1125+0.15068i,0.12648+0.042416i,0.19551+0.033741i,0.21798-0.023764i,0.22416+0.13202i,0.21588+0.058966i,0.25247+0.072891i,0.45094-0.054851i,0.67173+0.12272i,0.65223+0.18141i,0.68693+0.069136i,0.43821+0.11302i,0.46133+0.00023907i,0.43476+0.2491i,0.50599+0.16813i,0.48989+0.13019i,0.62529+0.32726i,0.43473+0.28855i,0.47244+0.25341i,0.25713+0.27039i,0.22572+0.19785i,0.1446+0.25435i,0.12124+0.21944i,0.24953+0.22847i,0.13091+0.27962i,0.19223+0.31559i,0.20911+0.69503i,0.14159+0.85562i,0.26756+0.51184i,0.43458+0.87883i,0.48+0.4429i,0.46508+0.47595i,0.48768+0.49432i,0.45241+0.42581i,0.60595+0.2991i,0.79986+0.32008i,0.65318+0.40037i,0.67698+0.34443i,0.67048+0.364i,0.68982+0.39215i,0.61544+0.47495i,0.65308+0.51872i,0.67176+0.6984i,0.66069+0.43279i,0.74151+0.40932i,0.76101+0.35063i,0.76085+0.43748i,0.77385+0.39835i,0.78035+0.37878i,0.79335+0.33965i,0.78051+0.29193i,0.68782+0.16065i,0.74833+0.21606i,0.76783+0.15737i,0.74849+0.12921i,0.6968+0.11204i,0.75499+0.10965i,0.7033+0.092474i,0.75739+0.039727i,0.62922-0.13399i,0.65114+0.054172i,0.63776+0.021854i,0.65648-0.14533i,0.66455-0.024406i,0.79508-0.073543i,0.76319+0.0046888i,0.76251-0.03837i,0.78861-0.016793i,0.82094-0.20829i,0.77976-0.32012i,0.67194-0.20562i,0.63414-0.33112i,0.75458-0.33663i,0.6152-0.30162i,0.61887-0.28133i,0.62806-0.23061i,0.64517-0.27026i,0.67542-0.17483i,0.76319-0.12485i,0.61352-0.10047i,0.4738-0.037285i,0.46341-0.092375i,0.49873-0.11233i,0.13922-0.28415i,0.26183-0.17739i,0.45135-0.22898i,0.4598-0.38634i,0.20884-0.27738i,0.44906-0.30838i,0.47012-0.31665i,0.47874-0.41584i,0.25642-0.37734i,0.24229-0.42132i,0.26494-0.44623i,0.2225-0.69783i,0.25081-0.49022i,0.24155-0.68996i,0.25005-0.73816i,0.14634-0.84563i,0.24477-0.7662i,0.20566-0.89224i,0.47155-0.73363i,0.49271-0.79762i,0.46295-0.84417i,0.66419-0.61381i,0.46031-0.85819i,0.47937-0.85032i,0.6612-0.59103i,0.47482-0.77074i,0.47221-0.44255i,0.48906-0.34616i,0.69001-0.39722i,0.63598-0.45052i,0.80656-0.51193i,0.6526-0.41419i,0.67938-0.34955i,0.75091-0.35691i,0.73525-0.41565i,0.80744-0.47937i,0.79256-0.4506i,0.64177-0.6151i,0.65588-0.50243i
timestamp,11:42:11.289,is_stable,0,duration,-1,zeros,0.79016+0.058819i,0.22879-0.1428i,0.73224+0.17813i,0.20385-0.067751i,0.48677-0.83434i,0.7916-0.10434i,0.14888-0.13732i,0.10197-0.019333i,0.20398+0.62784i,0.1354+0.18988i,0.23688+0.1586i,0.47039+0.18889i,0.48648+0.22682i,0.25661+0.10942i,0.23156+0.65495i,0.44478+0.85583i,0.46808+0.7142i,0.44482+0.38389i,0.44564+0.73455i,0.45049+0.78296i,0.65304+0.55817i,0.61547+0.4355i,0.66339+0.0085101i,0.43639+0.075287i,0.78734+0.098671i,0.48419+0.017806i,0.77285-0.27965i,0.76551-0.061143i,0.47172+0.055329i,0.48558-0.37695i,0.78213-0.15435i,0.6614-0.472i,0.63961-0.078898i,0.62391-0.045385i,0.63821-0.20231i,0.75235-0.4553i,0.46985-0.26297i,0.44512-0.27498i,0.76985-0.38642i,0.11638-0.96366i,0.13153-0.8776i,0.12509-0.32814i,0.096829-0.41611i,0.091732-0.18162i,0.15292-0.10337i,0.19137-0.0027839i,0.12029-0.08592i,0.11219-0.15382i,0.12269+0.63632i,0.094989+0.96554i,0.12027+0.90846i,0.20262+0.91256i,0.12761+0.94191i,0.13657+0.88663i,0.091194+0.41612i,0.11112+0.37209i,0.20593+0.29032i,0.24343+0.29566i,0.12433-0.051971i,0.12234+0.0058914i,0.094032+0.065017i,0.12665+0.12112i,0.098175+0.10154i,0.1125+0.15068i,0.12648+0.042416i,0.19551+0.033741i,0.21798-0.023764i,0.22416+0.13202i,0.21588+0.058966i,0.25247+0.072891i,0.45094-0.054851i,0.67173+0.12272i,0.65223+0.18141i,0.68693+0.069136i,0.43821+0.11302i,0.46133+0.00023907i,0.43476+0.2491i,0.50599+0.16813i,0.48989+0.13019i,0.62529+0.32726i,0.43473+0.28855i,0.47244+0.25341i,0.25713+0.27039i,0.22572+0.19785i,0.1446+0.25435i,0.12124+0.21944i,0.24953+0.22847i,0.13091+0.27962i,0.19223+0.31559i,0.20911+0.69503i,0.14159+0.85562i,0.26756+0.51184i,0.43458+0.87883i,0.48+0.4429i,0.46508+0.47595i,0.48768+0.49432i,0.45241+0.42581i,0.60595+0.2991i,0.79986+0.32008i,0.65318+0.40037i,0.67698+0.34443i,0.67048+0.364i,0.68982+0.39215i,0.61544+0.47495i,0.65308+0.51872i,0.67176+0.6984i,0.66069+0.43279i,0.74151+0.40932i,0.76101+0.35063i,0.76085+0.43748i,0.77385+0.39835i,0.78035+0.37878i,0.79335+0.33965i,0.78051+0.29193i,0.68782+0.16065i,0.74833+0.21606i,0.76783+0.15737i,0.74849+0.12921i,0.6968+0.11204i,0.75499+0.10965i,0.7033+0.092474i,0.75739+0.039727i,0.62922-0.13399i,0.65114+0.054172i,0.63776+0.021854i,0.65648-0.14533i,0.66455-0.024406i,0.79508-0.073543i,0.76319+0.0046888i,0.76251-0.03837i,0.78861-0.016793i,0.82094-0.20829i,0.77976-0.32012i,0.67194-0.20562i,0.63414-0.33112i,0.75458-0.33663i,0.6152-0.30162i,0.61887-0.28133i,0.62806-0.23061i,0.64517-0.27026i,0.67542-0.17483i,0.76319-0.12485i,0.61352-0.10047i,0.4738-0.037285i,0.46341-0.092375i,0.49873-0.11233i,0.13922-0.28415i,0.26183-0.17739i,0.45135-0.22898i,0.4598-0.38634i,0.20884-0.27738i,0.44906-0.30838i,0.47012-0.31665i,0.47874-0.41584i,0.25642-0.37734i,0.24229-0.42132i,0.26494-0.44623i,0.2225-0.69783i,0.25081-0.49022i,0.24155-0.68996i,0.25005-0.73816i,0.14634-0.84563i,0.24477-0.7662i,0.20566-0.89224i,0.47155-0.73363i,0.49271-0.79762i,0.46295-0.84417i,0.66419-0.61381i,0.46031-0.85819i,0.47937-0.85032i,0.6612-0.59103i,0.47482-0.77074i,0.47221-0.44255i,0.48906-0.34616i,0.69001-0.39722i,0.63598-0.45052i,0.80656-0.51193i,0.6526-0.41419i,0.67938-0.34955i,0.75091-0.35691i,0.73525-0.41565i,0.80744-0.47937i,0.79256-0.4506i,0.64177-0.6151i,0.65588-0.50243i
timestamp,11:42:26.635,is_stable,0,duration,-1,zeros,0.79016+0.058819i,0.22879-0.1428i,0.73224+0.17813i,0.20385-0.067751i,0.48677-0.83434i,0.7916-0.10434i,0.14888-0.13732i,0.10197-0.019333i,0.20398+0.62784i,0.1354+0.18988i,0.23688+0.1586i,0.47039+0.18889i,0.48648+0.22682i,0.25661+0.10942i,0.23156+0.65495i,0.44478+0.85583i,0.46808+0.7142i,0.44482+0.38389i,0.44564+0.73455i,0.45049+0.78296i,0.65304+0.55817i,0.61547+0.4355i,0.66339+0.0085101i,0.43639+0.075287i,0.78734+0.098671i,0.48419+0.017806i,0.77285-0.27965i,0.76551-0.061143i,0.47172+0.055329i,0.48558-0.37695i,0.78213-0.15435i,0.6614-0.472i,0.63961-0.078898i,0.62391-0.045385i,0.63821-0.20231i,0.75235-0.4553i,0.46985-0.26297i,0.44512-0.27498i,0.76985-0.38642i,0.11638-0.96366i,0.13153-0.8776i,0.12509-0.32814i,0.096829-0.41611i,0.091732-0.18162i,0.15292-0.10337i,0.19137-0.0027839i,0.12029-0.08592i,0.11219-0.15382i,0.12269+0.63632i,0.094989+0.96554i,0.12027+0.90846i,0.20262+0.91256i,0.12761+0.94191i,0.13657+0.88663i,0.091194+0.41612i,0.11112+0.37209i,0.20593+0.29032i,0.24343+0.29566i,0.12433-0.051971i,0.12234+0.0058914i,0.094032+0.065017i,0.12665+0.12112i,0.098175+0.10154i,0.1125+0.15068i,0.12648+0.042416i,0.19551+0.033741i,0.21798-0.023764i,0.22416+0.13202i,0.21588+0.058966i,0.25247+0.072891i,0.45094-0.054851i,0.67173+0.12272i,0.65223+0.18141i,0.68693+0.069136i,0.43821+0.11302i,0.46133+0.00023907i,0.43476+0.2491i,0.50599+0.16813i,0.48989+0.13019i,0.62529+0.32726i,0.43473+0.28855i,0.47244+0.25341i,0.25713+0.27039i,0.22572+0.19785i,0.1446+0.25435i,0.12124+0.21944i,0.24953+0.22847i,0.13091+0.27962i,0.19223+0.31559i,0.20911+0.69503i,0.14159+0.85562i,0.26756+0.51184i,0.43458+0.87883i,0.48+0.4429i,0.46508+0.47595i,0.48768+0.49432i,0.45241+0.42581i,0.60595+0.2991i,0.79986+0.32008i,0.65318+0.40037i,0.67698+0.34443i,0.67048+0.364i,0.68982+0.39215i,0.61544+0.47495i,0.65308+0.51872i,0.67176+0.6984i,0.66069+0.43279i,0.74151+0.40932i,0.76101+0.35063i,0.76085+0.43748i,0.77385+0.39835i,0.78035+0.37878i,0.79335+0.33965i,0.78051+0.29193i,0.68782+0.16065i,0.74833+0.21606i,0.76783+0.15737i,0.74849+0.12921i,0.6968+0.11204i,0.75499+0.10965i,0.7033+0.092474i,0.75739+0.039727i,0.62922-0.13399i,0.65114+0.054172i,0.63776+0.021854i,0.65648-0.14533i,0.66455-0.024406i,0.79508-0.073543i,0.76319+0.0046888i,0.76251-0.03837i,0.78861-0.016793i,0.82094-0.20829i,0.77976-0.32012i,0.67194-0.20562i,0.63414-0.33112i,0.75458-0.33663i,0.6152-0.30162i,0.61887-0.28133i,0.62806-0.23061i,0.64517-0.27026i,0.67542-0.17483i,0.76319-0.12485i,0.61352-0.10047i,0.4738-0.037285i,0.46341-0.092375i,0.49873-0.11233i,0.13922-0.28415i,0.26183-0.17739i,0.45135-0.22898i,0.4598-0.38634i,0.20884-0.27738i,0.44906-0.30838i,0.47012-0.31665i,0.47874-0.41584i,0.25642-0.37734i,0.24229-0.42132i,0.26494-0.44623i,0.2225-0.69783i,0.25081-0.49022i,0.24155-0.68996i,0.25005-0.73816i,0.14634-0.84563i,0.24477-0.7662i,0.20566-0.89224i,0.47155-0.73363i,0.49271-0.79762i,0.46295-0.84417i,0.66419-0.61381i,0.46031-0.85819i,0.47937-0.85032i,0.6612-0.59103i,0.47482-0.77074i,0.47221-0.44255i,0.48906-0.34616i,0.69001-0.39722i,0.63598-0.45052i,0.80656-0.51193i,0.6526-0.41419i,0.67938-0.34955i,0.75091-0.35691i,0.73525-0.41565i,0.80744-0.47937i,0.79256-0.4506i,0.64177-0.6151i,0.65588-0.50243i
timestamp,11:43:02.322,is_stable,0,duration,-1,zeros,0.79016+0.058819i,0.22879-0.1428i,0.73224+0.17813i,0.20385-0.067751i,0.48677-0.83434i,0.7916-0.10434i,0.14888-0.13732i,0.10197-0.019333i,0.20398+0.62784i,0.1354+0.18988i,0.23688+0.1586i,0.47039+0.18889i,0.48648+0.22682i,0.25661+0.10942i,0.23156+0.65495i,0.44478+0.85583i,0.46808+0.7142i,0.44482+0.38389i,0.44564+0.73455i,0.45049+0.78296i,0.65304+0.55817i,0.61547+0.4355i,0.66339+0.0085101i,0.43639+0.075287i,0.78734+0.098671i,0.48419+0.017806i,0.77285-0.27965i,0.76551-0.061143i,0.47172+0.055329i,0.48558-0.37695i,0.78213-0.15435i,0.6614-0.472i,0.63961-0.078898i,0.62391-0.045385i,0.63821-0.20231i,0.75235-0.4553i,0.46985-0.26297i,0.44512-0.27498i,0.76985-0.38642i,0.11638-0.96366i,0.13153-0.8776i,0.12509-0.32814i,0.096829-0.41611i,0.091732-0.18162i,0.15292-0.10337i,0.19137-0.0027839i,0.12029-0.08592i,0.11219-0.15382i,0.12269+0.63632i,0.094989+0.96554i,0.12027+0.90846i,0.20262+0.91256i,0.12761+0.94191i,0.13657+0.88663i,0.091194+0.41612i,0.11112+0.37209i,0.20593+0.29032i,0.24343+0.29566i,0.12433-0.051971i,0.12234+0.0058914i,0.094032+0.065017i,0.12665+0.12112i,0.098175+0.10154i,0.1125+0.15068i,0.12648+0.042416i,0.19551+0.033741i,0.21798-0.023764i,0.22416+0.13202i,0.21588+0.058966i,0.25247+0.072891i,0.45094-0.054851i,0.67173+0.12272i,0.65223+0.18141i,0.68693+0.069136i,0.43821+0.11302i,0.46133+0.00023907i,0.43476+0.2491i,0.50599+0.16813i,0.48989+0.13019i,0.62529+0.32726i,0.43473+0.28855i,0.47244+0.25341i,0.25713+0.27039i,0.22572+0.19785i,0.1446+0.25435i,0.12124+0.21944i,0.24953+0.22847i,0.13091+0.27962i,0.19223+0.31559i,0.20911+0.69503i,0.14159+0.85562i,0.26756+0.51184i,0.43458+0.87883i,0.48+0.4429i,0.46508+0.47595i,0.48768+0.49432i,0.45241+0.42581i,0.60595+0.2991i,0.79986+0.32008i,0.65318+0.40037i,0.67698+0.34443i,0.67048+0.364i,0.68982+0.39215i,0.61544+0.47495i,0.65308+0.51872i,0.67176+0.6984i,0.66069+0.43279i,0.74151+0.40932i,0.76101+0.35063i,0.76085+0.43748i,0.77385+0.39835i,0.78035+0.37878i,0.79335+0.33965i,0.78051+0.29193i,0.68782+0.16065i,0.74833+0.21606i,0.76783+0.15737i,0.74849+0.12921i,0.6968+0.11204i,0.75499+0.10965i,0.7033+0.092474i,0.75739+0.039727i,0.62922-0.13399i,0.65114+0.054172i,0.63776+0.021854i,0.65648-0.14533i,0.66455-0.024406i,0.79508-0.073543i,0.76319+0.0046888i,0.76251-0.03837i,0.78861-0.016793i,0.82094-0.20829i,0.77976-0.32012i,0.67194-0.20562i,0.63414-0.33112i,0.75458-0.33663i,0.6152-0.30162i,0.61887-0.28133i,0.62806-0.23061i,0.64517-0.27026i,0.67542-0.17483i,0.76319-0.12485i,0.61352-0.10047i,0.4738-0.037285i,0.46341-0.092375i,0.49873-0.11233i,0.13922-0.28415i,0.26183-0.17739i,0.45135-0.22898i,0.4598-0.38634i,0.20884-0.27738i,0.44906-0.30838i,0.47012-0.31665i,0.47874-0.41584i,0.25642-0.37734i,0.24229-0.42132i,0.26494-0.44623i,0.2225-0.69783i,0.25081-0.49022i,0.24155-0.68996i,0.25005-0.73816i,0.14634-0.84563i,0.24477-0.7662i,0.20566-0.89224i,0.47155-0.73363i,0.49271-0.79762i,0.46295-0.84417i,0.66419-0.61381i,0.46031-0.85819i,0.47937-0.85032i,0.6612-0.59103i,0.47482-0.77074i,0.47221-0.44255i,0.48906-0.34616i,0.69001-0.39722i,0.63598-0.45052i,0.80656-0.51193i,0.6526-0.41419i,0.67938-0.34955i,0.75091-0.35691i,0.73525-0.41565i,0.80744-0.47937i,0.79256-0.4506i,0.64177-0.6151i,0.65588-0.50243i
timestamp,11:43:24.171,is_stable,0,duration,-1,zeros,0.11533+0.97055i,0.65555+0.010748i,0.46289-0.012548i,0.11553+0.9705i,0.22881+0.58709i,0.22689-0.012728i,0.23093-0.047924i,0.6567+0.048636i,0.77879+0.3511i,0.7803+0.014516i,0.65451+0.02234i,0.46315-0.048413i,0.46289+0.0036449i,0.46445-0.017238i,0.2291-0.57629i,0.23029-0.55247i,0.11612-0.12545i,0.11767+0.93935i,0.11652+0.9677i,0.11826+0.96598i,0.11703+0.96757i,0.11672+0.96765i,0.11462+0.13565i,0.22674+0.0039914i,0.22657+0.013342i,0.22679-0.0015817i,0.23063+0.00036144i,0.22926+0.009931i,0.2324+0.069624i,0.46653+0.019688i,0.46497+0.040571i,0.46627+0.0069759i,0.46263+0.03951i,0.46263+0.088088i,0.22766+0.59016i,0.22785+0.60868i,0.77658+0.12565i,0.65384+0.04644i,0.65782+0.013866i,0.65747+0.01773i,0.77971-0.0069684i,0.78066-0.01008i,0.46263-0.057645i,0.46549-0.0068714i,0.22687-0.0099413i,0.23061+0.003148i,0.22941-0.0067882i,0.22758-0.045946i,0.46445-0.029383i,0.23171-0.5652i,0.65688-0.53679i,0.11563-0.96653i,0.11395-0.98556i,0.11598-0.98282i,0.11845-0.96832i,0.11766-0.9638i,0.2304-0.61399i,0.22753-0.58776i,0.22836-0.58486i,0.23072-0.57304i,0.22872-0.56973i,0.12058-0.35648i,0.12125-0.35442i,0.11866-0.12229i,0.22848-0.085119i,0.22718-0.04338i,0.2284-0.03623i,0.22924-0.022508i,0.22681-0.0043682i,0.11446+0.0039868i,0.11569-0.014112i,0.11435-0.018718i,0.11548-0.023202i,0.11884+0.9467i,0.11655+0.95813i,0.11932+0.96124i,0.11751+0.95469i,0.1166+0.95301i,0.1195+0.94271i,0.11534+0.968i,0.11415+0.97085i,0.11371+0.97096i,0.11733+0.35596i,0.22645+0.61238i,0.22857+0.59259i,0.11602+0.13345i,0.11498+0.0085524i,0.11852+0.0011617i,0.11828+0.0087164i,0.11474+0.016107i,0.1188+0.013282i,0.118+0.11236i,0.11524+0.1266i,0.12003+0.11095i,0.2294+0.091418i,0.22676+0.072937i,0.22671+0.0067779i,0.22708+0.017907i,0.22927+0.032393i,0.22876+0.027827i,0.23281+0.025002i,0.23031+0.041524i,0.23316+0.066635i,0.23083+0.046089i,0.23278+0.055505i,0.2333+0.060071i,0.22759+0.075438i,0.23061+0.063482i,0.22866+0.070384i,0.22787+0.087558i,0.2285+0.083428i,0.46575-0.0022556i,0.46393+0.0059154i,0.46653+0.011592i,0.46406+0.044656i,0.46289+0.03603i,0.46549+0.03361i,0.46432+0.012839i,0.46276+0.0823i,0.46198+0.084645i,0.46258+0.15302i,0.23118+0.57926i,0.23158+0.59312i,0.23096+0.59571i,0.65213+0.5233i,0.65401+0.52647i,0.65213+0.527i,0.65306+0.54091i,0.77827+0.35535i,0.77656+0.3524i,0.77789+0.12439i,0.77779+0.12741i,0.78072+0.12668i,0.65593+0.065023i,0.65608+0.055143i,0.65221+0.059791i,0.65584+0.052201i,0.65308+0.057062i,0.65467+0.061485i,0.65427+0.019398i,0.65364-0.010095i,0.65541+0.0010007i,0.65304+0.0046886i,0.6559+0.0068844i,0.78143+0.010637i,0.77642-0.10676i,0.78163-0.12409i,0.78008-0.12782i,0.78037-0.13605i,0.65794-0.013224i,0.7794-0.013619i,0.78257-0.0047726i,0.78034+0.0063323i,0.78161-0.0016607i,0.7778-0.00074464i,0.65668-0.017091i,0.6528+0.0017468i,0.65349-0.0059809i,0.65676-0.041435i,0.6566-0.00084321i,0.65635-0.0037851i,0.65657-0.0099567i,0.6549-0.022093i,0.65572-0.043705i,0.6563-0.038205i,0.65323-0.018365i,0.46419-0.033998i,0.46341-0.043797i,0.46471-0.020719i,0.46263-0.0090672i,0.46549-0.014968i,0.46315+0.00016435i,0.23061-0.014465i,0.22824-0.019511i,0.23064-0.017251i,0.23163-0.020249i,0.23026-0.028292i,0.22932-0.030868i,0.22998-0.032866i,0.22972-0.040227i,0.22957-0.064085i,0.23091-0.062051i,0.22943-0.081913i,0.22926-0.087464i,0.23202-0.067419i,0.23146-0.071798i,0.46237-0.062261i,0.2329-0.55089i,0.23134-0.56814i,0.23216-0.55677i,0.23381-0.54853i,0.23203-0.57969i,0.23178-0.58435i,0.231-0.582i,0.65534-0.53042i,0.65537-0.52708i,0.6559-0.55704i,0.65567-0.53829i,0.65732-0.53294i,0.78415-0.37454i
timestamp,11:43:50.073,is_stable,0,duration,-1,zeros,0.11533+0.97055i,0.65555+0.010748i,0.46289-0.012548i,0.11553+0.9705i,0.22881+0.58709i,0.22689-0.012728i,0.23093-0.047924i,0.6567+0.048636i,0.77879+0.3511i,0.7803+0.014516i,0.65451+0.02234i,0.46315-0.048413i,0.46289+0.0036449i,0.46445-0.017238i,0.2291-0.57629i,0.23029-0.55247i,0.11612-0.12545i,0.11767+0.93935i,0.11652+0.9677i,0.11826+0.96598i,0.11703+0.96757i,0.11672+0.96765i,0.11462+0.13565i,0.22674+0.0039914i,0.22657+0.013342i,0.22679-0.0015817i,0.23063+0.00036144i,0.22926+0.009931i,0.2324+0.069624i,0.46653+0.019688i,0.46497+0.040571i,0.46627+0.0069759i,0.46263+0.03951i,0.46263+0.088088i,0.22766+0.59016i,0.22785+0.60868i,0.77658+0.12565i,0.65384+0.04644i,0.65782+0.013866i,0.65747+0.01773i,0.77971-0.0069684i,0.78066-0.01008i,0.46263-0.057645i,0.46549-0.0068714i,0.22687-0.0099413i,0.23061+0.003148i,0.22941-0.0067882i,0.22758-0.045946i,0.46445-0.029383i,0.23171-0.5652i,0.65688-0.53679i,0.11563-0.96653i,0.11395-0.98556i,0.11598-0.98282i,0.11845-0.96832i,0.11766-0.9638i,0.2304-0.61399i,0.22753-0.58776i,0.22836-0.58486i,0.23072-0.57304i,0.22872-0.56973i,0.12058-0.35648i,0.12125-0.35442i,0.11866-0.12229i,0.22848-0.085119i,0.22718-0.04338i,0.2284-0.03623i,0.22924-0.022508i,0.22681-0.0043682i,0.11446+0.0039868i,0.11569-0.014112i,0.11435-0.018718i,0.11548-0.023202i,0.11884+0.9467i,0.11655+0.95813i,0.11932+0.96124i,0.11751+0.95469i,0.1166+0.95301i,0.1195+0.94271i,0.11534+0.968i,0.11415+0.97085i,0.11371+0.97096i,0.11733+0.35596i,0.22645+0.61238i,0.22857+0.59259i,0.11602+0.13345i,0.11498+0.0085524i,0.11852+0.0011617i,0.11828+0.0087164i,0.11474+0.016107i,0.1188+0.013282i,0.118+0.11236i,0.11524+0.1266i,0.12003+0.11095i,0.2294+0.091418i,0.22676+0.072937i,0.22671+0.0067779i,0.22708+0.017907i,0.22927+0.032393i,0.22876+0.027827i,0.23281+0.025002i,0.23031+0.041524i,0.23316+0.066635i,0.23083+0.046089i,0.23278+0.055505i,0.2333+0.060071i,0.22759+0.075438i,0.23061+0.063482i,0.22866+0.070384i,0.22787+0.087558i,0.2285+0.083428i,0.46575-0.0022556i,0.46393+0.0059154i,0.46653+0.011592i,0.46406+0.044656i,0.46289+0.03603i,0.46549+0.03361i,0.46432+0.012839i,0.46276+0.0823i,0.46198+0.084645i,0.46258+0.15302i,0.23118+0.57926i,0.23158+0.59312i,0.23096+0.59571i,0.65213+0.5233i,0.65401+0.52647i,0.65213+0.527i,0.65306+0.54091i,0.77827+0.35535i,0.77656+0.3524i,0.77789+0.12439i,0.77779+0.12741i,0.78072+0.12668i,0.65593+0.065023i,0.65608+0.055143i,0.65221+0.059791i,0.65584+0.052201i,0.65308+0.057062i,0.65467+0.061485i,0.65427+0.019398i,0.65364-0.010095i,0.65541+0.0010007i,0.65304+0.0046886i,0.6559+0.0068844i,0.78143+0.010637i,0.77642-0.10676i,0.78163-0.12409i,0.78008-0.12782i,0.78037-0.13605i,0.65794-0.013224i,0.7794-0.013619i,0.78257-0.0047726i,0.78034+0.0063323i,0.78161-0.0016607i,0.7778-0.00074464i,0.65668-0.017091i,0.6528+0.0017468i,0.65349-0.0059809i,0.65676-0.041435i,0.6566-0.00084321i,0.65635-0.0037851i,0.65657-0.0099567i,0.6549-0.022093i,0.65572-0.043705i,0.6563-0.038205i,0.65323-0.018365i,0.46419-0.033998i,0.46341-0.043797i,0.46471-0.020719i,0.46263-0.0090672i,0.46549-0.014968i,0.46315+0.00016435i,0.23061-0.014465i,0.22824-0.019511i,0.23064-0.017251i,0.23163-0.020249i,0.23026-0.028292i,0.22932-0.030868i,0.22998-0.032866i,0.22972-0.040227i,0.22957-0.064085i,0.23091-0.062051i,0.22943-0.081913i,0.22926-0.087464i,0.23202-0.067419i,0.23146-0.071798i,0.46237-0.062261i,0.2329-0.55089i,0.23134-0.56814i,0.23216-0.55677i,0.23381-0.54853i,0.23203-0.57969i,0.23178-0.58435i,0.231-0.582i,0.65534-0.53042i,0.65537-0.52708i,0.6559-0.55704i,0.65567-0.53829i,0.65732-0.53294i,0.78415-0.37454i
timestamp,11:45:21.020,is_stable,0,duration,-1,zeros,0.11533+0.97055i,0.65555+0.010748i,0.46289-0.012548i,0.11553+0.9705i,0.22881+0.58709i,0.22689-0.012728i,0.23093-0.047924i,0.6567+0.048636i,0.77879+0.3511i,0.7803+0.014516i,0.65451+0.02234i,0.46315-0.048413i,0.46289+0.0036449i,0.46445-0.017238i,0.2291-0.57629i,0.23029-0.55247i,0.11612-0.12545i,0.11767+0.93935i,0.11652+0.9677i,0.11826+0.96598i,0.11703+0.96757i,0.11672+0.96765i,0.11462+0.13565i,0.22674+0.0039914i,0.22657+0.013342i,0.22679-0.0015817i,0.23063+0.00036144i,0.22926+0.009931i,0.2324+0.069624i,0.46653+0.019688i,0.46497+0.040571i,0.46627+0.0069759i,0.46263+0.03951i,0.46263+0.088088i,0.22766+0.59016i,0.22785+0.60868i,0.77658+0.12565i,0.65384+0.04644i,0.65782+0.013866i,0.65747+0.01773i,0.77971-0.0069684i,0.78066-0.01008i,0.46263-0.057645i,0.46549-0.0068714i,0.22687-0.0099413i,0.23061+0.003148i,0.22941-0.0067882i,0.22758-0.045946i,0.46445-0.029383i,0.23171-0.5652i,0.65688-0.53679i,0.11563-0.96653i,0.11395-0.98556i,0.11598-0.98282i,0.11845-0.96832i,0.11766-0.9638i,0.2304-0.61399i,0.22753-0.58776i,0.22836-0.58486i,0.23072-0.57304i,0.22872-0.56973i,0.12058-0.35648i,0.12125-0.35442i,0.11866-0.12229i,0.22848-0.085119i,0.22718-0.04338i,0.2284-0.03623i,0.22924-0.022508i,0.22681-0.0043682i,0.11446+0.0039868i,0.11569-0.014112i,0.11435-0.018718i,0.11548-0.023202i,0.11884+0.9467i,0.11655+0.95813i,0.11932+0.96124i,0.11751+0.95469i,0.1166+0.95301i,0.1195+0.94271i,0.11534+0.968i,0.11415+0.97085i,0.11371+0.97096i,0.11733+0.35596i,0.22645+0.61238i,0.22857+0.59259i,0.11602+0.13345i,0.11498+0.0085524i,0.11852+0.0011617i,0.11828+0.0087164i,0.11474+0.016107i,0.1188+0.013282i,0.118+0.11236i,0.11524+0.1266i,0.12003+0.11095i,0.2294+0.091418i,0.22676+0.072937i,0.22671+0.0067779i,0.22708+0.017907i,0.22927+0.032393i,0.22876+0.027827i,0.23281+0.025002i,0.23031+0.041524i,0.23316+0.066635i,0.23083+0.046089i,0.23278+0.055505i,0.2333+0.060071i,0.22759+0.075438i,0.23061+0.063482i,0.22866+0.070384i,0.22787+0.087558i,0.2285+0.083428i,0.46575-0.0022556i,0.46393+0.0059154i,0.46653+0.011592i,0.46406+0.044656i,0.46289+0.03603i,0.46549+0.03361i,0.46432+0.012839i,0.46276+0.0823i,0.46198+0.084645i,0.46258+0.15302i,0.23118+0.57926i,0.23158+0.59312i,0.23096+0.59571i,0.65213+0.5233i,0.65401+0.52647i,0.65213+0.527i,0.65306+0.54091i,0.77827+0.35535i,0.77656+0.3524i,0.77789+0.12439i,0.77779+0.12741i,0.78072+0.12668i,0.65593+0.065023i,0.65608+0.055143i,0.65221+0.059791i,0.65584+0.052201i,0.65308+0.057062i,0.65467+0.061485i,0.65427+0.019398i,0.65364-0.010095i,0.65541+0.0010007i,0.65304+0.0046886i,0.6559+0.0068844i,0.78143+0.010637i,0.77642-0.10676i,0.78163-0.12409i,0.78008-0.12782i,0.78037-0.13605i,0.65794-0.013224i,0.7794-0.013619i,0.78257-0.0047726i,0.78034+0.0063323i,0.78161-0.0016607i,0.7778-0.00074464i,0.65668-0.017091i,0.6528+0.0017468i,0.65349-0.0059809i,0.65676-0.041435i,0.6566-0.00084321i,0.65635-0.0037851i,0.65657-0.0099567i,0.6549-0.022093i,0.65572-0.043705i,0.6563-0.038205i,0.65323-0.018365i,0.46419-0.033998i,0.46341-0.043797i,0.46471-0.020719i,0.46263-0.0090672i,0.46549-0.014968i,0.46315+0.00016435i,0.23061-0.014465i,0.22824-0.019511i,0.23064-0.017251i,0.23163-0.020249i,0.23026-0.028292i,0.22932-0.030868i,0.22998-0.032866i,0.22972-0.040227i,0.22957-0.064085i,0.23091-0.062051i,0.22943-0.081913i,0.22926-0.087464i,0.23202-0.067419i,0.23146-0.071798i,0.46237-0.062261i,0.2329-0.55089i,0.23134-0.56814i,0.23216-0.55677i,0.23381-0.54853i,0.23203-0.57969i,0.23178-0.58435i,0.231-0.582i,0.65534-0.53042i,0.65537-0.52708i,0.6559-0.55704i,0.65567-0.53829i,0.65732-0.53294i,0.78415-0.37454i
timestamp,11:46:01.060,is_stable,0,duration,-1,zeros,0.11533+0.97055i,0.65555+0.010748i,0.46289-0.012548i,0.11553+0.9705i,0.22881+0.58709i,0.22689-0.012728i,0.23093-0.047924i,0.6567+0.048636i,0.77879+0.3511i,0.7803+0.014516i,0.65451+0.02234i,0.46315-0.048413i,0.46289+0.0036449i,0.46445-0.017238i,0.2291-0.57629i,0.23029-0.55247i,0.11612-0.12545i,0.11767+0.93935i,0.11652+0.9677i,0.11826+0.96598i,0.11703+0.96757i,0.11672+0.96765i,0.11462+0.13565i,0.22674+0.0039914i,0.22657+0.013342i,0.22679-0.0015817i,0.23063+0.00036144i,0.22926+0.009931i,0.2324+0.069624i,0.46653+0.019688i,0.46497+0.040571i,0.46627+0.0069759i,0.46263+0.03951i,0.46263+0.088088i,0.22766+0.59016i,0.22785+0.60868i,0.77658+0.12565i,0.65384+0.04644i,0.65782+0.013866i,0.65747+0.01773i,0.77971-0.0069684i,0.78066-0.01008i,0.46263-0.057645i,0.46549-0.0068714i,0.22687-0.0099413i,0.23061+0.003148i,0.22941-0.0067882i,0.22758-0.045946i,0.46445-0.029383i,0.23171-0.5652i,0.65688-0.53679i,0.11563-0.96653i,0.11395-0.98556i,0.11598-0.98282i,0.11845-0.96832i,0.11766-0.9638i,0.2304-0.61399i,0.22753-0.58776i,0.22836-0.58486i,0.23072-0.57304i,0.22872-0.56973i,0.12058-0.35648i,0.12125-0.35442i,0.11866-0.12229i,0.22848-0.085119i,0.22718-0.04338i,0.2284-0.03623i,0.22924-0.022508i,0.22681-0.0043682i,0.11446+0.0039868i,0.11569-0.014112i,0.11435-0.018718i,0.11548-0.023202i,0.11884+0.9467i,0.11655+0.95813i,0.11932+0.96124i,0.11751+0.95469i,0.1166+0.95301i,0.1195+0.94271i,0.11534+0.968i,0.11415+0.97085i,0.11371+0.97096i,0.11733+0.35596i,0.22645+0.61238i,0.22857+0.59259i,0.11602+0.13345i,0.11498+0.0085524i,0.11852+0.0011617i,0.11828+0.0087164i,0.11474+0.016107i,0.1188+0.013282i,0.118+0.11236i,0.11524+0.1266i,0.12003+0.11095i,0.2294+0.091418i,0.22676+0.072937i,0.22671+0.0067779i,0.22708+0.017907i,0.22927+0.032393i,0.22876+0.027827i,0.23281+0.025002i,0.23031+0.041524i,0.23316+0.066635i,0.23083+0.046089i,0.23278+0.055505i,0.2333+0.060071i,0.22759+0.075438i,0.23061+0.063482i,0.22866+0.070384i,0.22787+0.087558i,0.2285+0.083428i,0.46575-0.0022556i,0.46393+0.0059154i,0.46653+0.011592i,0.46406+0.044656i,0.46289+0.03603i,0.46549+0.03361i,0.46432+0.012839i,0.46276+0.0823i,0.46198+0.084645i,0.46258+0.15302i,0.23118+0.57926i,0.23158+0.59312i,0.23096+0.59571i,0.65213+0.5233i,0.65401+0.52647i,0.65213+0.527i,0.65306+0.54091i,0.77827+0.35535i,0.77656+0.3524i,0.77789+0.12439i,0.77779+0.12741i,0.78072+0.12668i,0.65593+0.065023i,0.65608+0.055143i,0.65221+0.059791i,0.65584+0.052201i,0.65308+0.057062i,0.65467+0.061485i,0.65427+0.019398i,0.65364-0.010095i,0.65541+0.0010007i,0.65304+0.0046886i,0.6559+0.0068844i,0.78143+0.010637i,0.77642-0.10676i,0.78163-0.12409i,0.78008-0.12782i,0.78037-0.13605i,0.65794-0.013224i,0.7794-0.013619i,0.78257-0.0047726i,0.78034+0.0063323i,0.78161-0.0016607i,0.7778-0.00074464i,0.65668-0.017091i,0.6528+0.0017468i,0.65349-0.0059809i,0.65676-0.041435i,0.6566-0.00084321i,0.65635-0.0037851i,0.65657-0.0099567i,0.6549-0.022093i,0.65572-0.043705i,0.6563-0.038205i,0.65323-0.018365i,0.46419-0.033998i,0.46341-0.043797i,0.46471-0.020719i,0.46263-0.0090672i,0.46549-0.014968i,0.46315+0.00016435i,0.23061-0.014465i,0.22824-0.019511i,0.23064-0.017251i,0.23163-0.020249i,0.23026-0.028292i,0.22932-0.030868i,0.22998-0.032866i,0.22972-0.040227i,0.22957-0.064085i,0.23091-0.062051i,0.22943-0.081913i,0.22926-0.087464i,0.23202-0.067419i,0.23146-0.071798i,0.46237-0.062261i,0.2329-0.55089i,0.23134-0.56814i,0.23216-0.55677i,0.23381-0.54853i,0.23203-0.57969i,0.23178-0.58435i,0.231-0.582i,0.65534-0.53042i,0.65537-0.52708i,0.6559-0.55704i,0.65567-0.53829i,0.65732-0.53294i,0.78415-0.37454i
timestamp,11:46:37.540,is_stable,0,duration,-1,zeros,0.11533+0.97055i,0.65555+0.010748i,0.46289-0.012548i,0.11553+0.9705i,0.22881+0.58709i,0.22689-0.012728i,0.23093-0.047924i,0.6567+0.048636i,0.77879+0.3511i,0.7803+0.014516i,0.65451+0.02234i,0.46315-0.048413i,0.46289+0.0036449i,0.46445-0.017238i,0.2291-0.57629i,0.23029-0.55247i,0.11612-0.12545i,0.11767+0.93935i,0.11652+0.9677i,0.11826+0.96598i,0.11703+0.96757i,0.11672+0.96765i,0.11462+0.13565i,0.22674+0.0039914i,0.22657+0.013342i,0.22679-0.0015817i,0.23063+0.00036144i,0.22926+0.009931i,0.2324+0.069624i,0.46653+0.019688i,0.46497+0.040571i,0.46627+0.0069759i,0.46263+0.03951i,0.46263+0.088088i,0.22766+0.59016i,0.22785+0.60868i,0.77658+0.12565i,0.65384+0.04644i,0.65782+0.013866i,0.65747+0.01773i,0.77971-0.0069684i,0.78066-0.01008i,0.46263-0.057645i,0.46549-0.0068714i,0.22687-0.0099413i,0.23061+0.003148i,0.22941-0.0067882i,0.22758-0.045946i,0.46445-0.029383i,0.23171-0.5652i,0.65688-0.53679i,0.11563-0.96653i,0.11395-0.98556i,0.11598-0.98282i,0.11845-0.96832i,0.11766-0.9638i,0.2304-0.61399i,0.22753-0.58776i,0.22836-0.58486i,0.23072-0.57304i,0.22872-0.56973i,0.12058-0.35648i,0.12125-0.35442i,0.11866-0.12229i,0.22848-0.085119i,0.22718-0.04338i,0.2284-0.03623i,0.22924-0.022508i,0.22681-0.0043682i,0.11446+0.0039868i,0.11569-0.014112i,0.11435-0.018718i,0.11548-0.023202i,0.11884+0.9467i,0.11655+0.95813i,0.11932+0.96124i,0.11751+0.95469i,0.1166+0.95301i,0.1195+0.94271i,0.11534+0.968i,0.11415+0.97085i,0.11371+0.97096i,0.11733+0.35596i,0.22645+0.61238i,0.22857+0.59259i,0.11602+0.13345i,0.11498+0.0085524i,0.11852+0.0011617i,0.11828+0.0087164i,0.11474+0.016107i,0.1188+0.013282i,0.118+0.11236i,0.11524+0.1266i,0.12003+0.11095i,0.2294+0.091418i,0.22676+0.072937i,0.22671+0.0067779i,0.22708+0.017907i,0.22927+0.032393i,0.22876+0.027827i,0.23281+0.025002i,0.23031+0.041524i,0.23316+0.066635i,0.23083+0.046089i,0.23278+0.055505i,0.2333+0.060071i,0.22759+0.075438i,0.23061+0.063482i,0.22866+0.070384i,0.22787+0.087558i,0.2285+0.083428i,0.46575-0.0022556i,0.46393+0.0059154i,0.46653+0.011592i,0.46406+0.044656i,0.46289+0.03603i,0.46549+0.03361i,0.46432+0.012839i,0.46276+0.0823i,0.46198+0.084645i,0.46258+0.15302i,0.23118+0.57926i,0.23158+0.59312i,0.23096+0.59571i,0.65213+0.5233i,0.65401+0.52647i,0.65213+0.527i,0.65306+0.54091i,0.77827+0.35535i,0.77656+0.3524i,0.77789+0.12439i,0.77779+0.12741i,0.78072+0.12668i,0.65593+0.065023i,0.65608+0.055143i,0.65221+0.059791i,0.65584+0.052201i,0.65308+0.057062i,0.65467+0.061485i,0.65427+0.019398i,0.65364-0.010095i,0.65541+0.0010007i,0.65304+0.0046886i,0.6559+0.0068844i,0.78143+0.010637i,0.77642-0.10676i,0.78163-0.12409i,0.78008-0.12782i,0.78037-0.13605i,0.65794-0.013224i,0.7794-0.013619i,0.78257-0.0047726i,0.78034+0.0063323i,0.78161-0.0016607i,0.7778-0.00074464i,0.65668-0.017091i,0.6528+0.0017468i,0.65349-0.0059809i,0.65676-0.041435i,0.6566-0.00084321i,0.65635-0.0037851i,0.65657-0.0099567i,0.6549-0.022093i,0.65572-0.043705i,0.6563-0.038205i,0.65323-0.018365i,0.46419-0.033998i,0.46341-0.043797i,0.46471-0.020719i,0.46263-0.0090672i,0.46549-0.014968i,0.46315+0.00016435i,0.23061-0.014465i,0.22824-0.019511i,0.23064-0.017251i,0.23163-0.020249i,0.23026-0.028292i,0.22932-0.030868i,0.22998-0.032866i,0.22972-0.040227i,0.22957-0.064085i,0.23091-0.062051i,0.22943-0.081913i,0.22926-0.087464i,0.23202-0.067419i,0.23146-0.071798i,0.46237-0.062261i,0.2329-0.55089i,0.23134-0.56814i,0.23216-0.55677i,0.23381-0.54853i,0.23203-0.57969i,0.23178-0.58435i,0.231-0.582i,0.65534-0.53042i,0.65537-0.52708i,0.6559-0.55704i,0.65567-0.53829i,0.65732-0.53294i,0.78415-0.37454i
timestamp,11:49:57.564,is_stable,1,duration,-1,zeros,timestamp,11:52:17.884,is_stable,0,duration,-1,zeros,0.65334+0.03972i,0.66436+0.54763i,0.65228-0.48184i,0.22801-0.59461i,0.12769+0.13025i,0.78465+0.028388i,0.21939+0.16292i,0.11971+0.86233i,0.64177+0.52926i,0.63805+0.4736i,0.22255-0.12404i,0.10913-0.14315i,0.10102+0.010885i,0.11884+0.9467i,0.11492+0.39305i,0.10892+0.13839i,0.10939+0.12329i,0.11724-0.00041481i,0.22183-0.19213i,0.45009+0.48964i,0.12721+0.14536i,0.22959+0.61768i,0.46931+0.70658i,0.47621+0.2499i,0.47017+0.50627i,0.66434+0.56735i,0.46315+0.7447i,0.4756+0.7269i,0.63801+0.51305i,0.76272+0.30231i,0.63812+0.3947i,0.79498+0.33476i,0.64786+0.14059i,0.78752-0.29924i,0.46133+0.00023907i,0.24586-0.088783i,0.47606-0.1656i,0.47577-0.38373i,0.46237-0.31104i,0.65796-0.59504i,0.6604-0.51794i,0.12913-0.8495i,0.11956-0.98174i,0.12769-0.9708i,0.10514-0.33299i,0.10815-0.42857i,0.11138-0.35175i,0.11532-0.32038i,0.12535-0.35596i,0.12903-0.13959i,0.13921-0.12698i,0.1071-0.16013i,0.12342-0.16885i,0.11919-0.059565i,0.10246-0.071218i,0.13967-0.10531i,0.2185-0.14426i,0.21809-0.03491i,0.12121-0.04259i,0.12648+0.042416i,0.10499-0.03129i,0.11721+0.87783i,0.10498+0.96299i,0.12176+0.38041i,0.11307+0.40942i,0.20849+0.17838i,0.10706-0.013027i,0.13364+0.066985i,0.21683+0.028747i,0.10309+0.029148i,0.22806-5.14e-06i,0.21476+0.010485i,0.22131-0.055437i,0.22701+0.04136i,0.2439+0.043154i,0.44886-0.027007i,0.44263-0.0082453i,0.6358-0.0016806i,0.4551+0.019001i,0.4551+0.083771i,0.4738+0.027485i,0.46757+0.046247i,0.4721+0.14057i,0.45824+0.20386i,0.456+0.10264i,0.48014+0.15954i,0.46064+0.21823i,0.46799+0.17451i,0.47604+0.19348i,0.45362+0.23153i,0.23331+0.1355i,0.23426+0.10528i,0.24444+0.11789i,0.23624+0.084191i,0.21102+0.19235i,0.24499+0.15295i,0.23814+0.16559i,0.23444+0.52878i,0.22947+0.54952i,0.22477+0.69701i,0.45514+0.50535i,0.44796+0.66086i,0.46313+0.76443i,0.45426+0.68118i,0.457+0.87821i,0.47177+0.69133i,0.4752+0.51961i,0.4627+0.53266i,0.47635+0.47053i,0.45857+0.38769i,0.45755+0.47312i,0.4561+0.40294i,0.47996+0.26611i,0.45735+0.26747i,0.45734+0.28719i,0.78685+0.35921i,0.76914+0.32617i,0.77239+0.31639i,0.6381+0.41442i,0.63984+0.32666i,0.63806+0.45387i,0.66233+0.70719i,0.7949+0.37818i,0.80465+0.34883i,0.77921+0.12313i,0.65993+0.16904i,0.65192+0.12836i,0.6467+0.11169i,0.66765+0.077109i,0.66198+0.15207i,0.66287+0.1062i,0.7629+0.070157i,0.67258+0.098561i,0.79016+0.058819i,0.79552+0.0075038i,0.65056+0.07063i,0.66004+0.055879i,0.67583+0.088779i,0.76149+0.090083i,0.67009+0.024669i,0.66339+0.0085101i,0.78479-0.004346i,0.78261-0.036019i,0.80103+0.037934i,0.77445-0.36106i,0.76792-0.13223i,0.78629-0.14527i,0.76667-0.029288i,0.76701-0.0077586i,0.63638-0.018138i,0.65208-0.051652i,0.65994-0.068409i,0.47182-0.15013i,0.46133-0.064531i,0.22827-0.022297i,0.22887-0.086292i,0.23292-0.066063i,0.46029-0.082994i,0.45948-0.17511i,0.45692-0.29275i,0.46055-0.20801i,0.45945-0.28567i,0.45343-0.25682i,0.45447-0.23836i,0.46572-0.19388i,0.46678-0.22678i,0.45554-0.30036i,0.45406-0.32921i,0.46722-0.3639i,0.46053-0.3967i,0.24967-0.46515i,0.25164-0.44947i,0.21655-0.6088i,0.21536-0.62683i,0.22301-0.67176i,0.22001-0.58135i,0.22462-0.70988i,0.22726-0.69586i,0.23679-0.69192i,0.4505-0.57825i,0.45285-0.67734i,0.45326-0.69204i,0.46295-0.84417i,0.46559-0.83016i,0.64027-0.60371i,0.66683-0.48244i,0.64953-0.49706i,0.46004-0.54441i,0.46585-0.57838i,0.46882-0.56002i,0.4638-0.38335i,0.47993-0.37464i,0.46896-0.34851i,0.66507-0.45171i,0.78392-0.37581i,0.77628-0.35092i,0.77457-0.31528i,0.67686-0.46752i,0.65646-0.58366i
timestamp,11:55:21.935,is_stable,0,duration,-1,zeros,0.65334+0.03972i,0.66436+0.54763i,0.65228-0.48184i,0.22801-0.59461i,0.12769+0.13025i,0.78465+0.028388i,0.21939+0.16292i,0.11971+0.86233i,0.64177+0.52926i,0.63805+0.4736i,0.22255-0.12404i,0.10913-0.14315i,0.10102+0.010885i,0.11884+0.9467i,0.11492+0.39305i,0.10892+0.13839i,0.10939+0.12329i,0.11724-0.00041481i,0.22183-0.19213i,0.45009+0.48964i,0.12721+0.14536i,0.22959+0.61768i,0.46931+0.70658i,0.47621+0.2499i,0.47017+0.50627i,0.66434+0.56735i,0.46315+0.7447i,0.4756+0.7269i,0.63801+0.51305i,0.76272+0.30231i,0.63812+0.3947i,0.79498+0.33476i,0.64786+0.14059i,0.78752-0.29924i,0.46133+0.00023907i,0.24586-0.088783i,0.47606-0.1656i,0.47577-0.38373i,0.46237-0.31104i,0.65796-0.59504i,0.6604-0.51794i,0.12913-0.8495i,0.11956-0.98174i,0.12769-0.9708i,0.10514-0.33299i,0.10815-0.42857i,0.11138-0.35175i,0.11532-0.32038i,0.12535-0.35596i,0.12903-0.13959i,0.13921-0.12698i,0.1071-0.16013i,0.12342-0.16885i,0.11919-0.059565i,0.10246-0.071218i,0.13967-0.10531i,0.2185-0.14426i,0.21809-0.03491i,0.12121-0.04259i,0.12648+0.042416i,0.10499-0.03129i,0.11721+0.87783i,0.10498+0.96299i,0.12176+0.38041i,0.11307+0.40942i,0.20849+0.17838i,0.10706-0.013027i,0.13364+0.066985i,0.21683+0.028747i,0.10309+0.029148i,0.22806-5.14e-06i,0.21476+0.010485i,0.22131-0.055437i,0.22701+0.04136i,0.2439+0.043154i,0.44886-0.027007i,0.44263-0.0082453i,0.6358-0.0016806i,0.4551+0.019001i,0.4551+0.083771i,0.4738+0.027485i,0.46757+0.046247i,0.4721+0.14057i,0.45824+0.20386i,0.456+0.10264i,0.48014+0.15954i,0.46064+0.21823i,0.46799+0.17451i,0.47604+0.19348i,0.45362+0.23153i,0.23331+0.1355i,0.23426+0.10528i,0.24444+0.11789i,0.23624+0.084191i,0.21102+0.19235i,0.24499+0.15295i,0.23814+0.16559i,0.23444+0.52878i,0.22947+0.54952i,0.22477+0.69701i,0.45514+0.50535i,0.44796+0.66086i,0.46313+0.76443i,0.45426+0.68118i,0.457+0.87821i,0.47177+0.69133i,0.4752+0.51961i,0.4627+0.53266i,0.47635+0.47053i,0.45857+0.38769i,0.45755+0.47312i,0.4561+0.40294i,0.47996+0.26611i,0.45735+0.26747i,0.45734+0.28719i,0.78685+0.35921i,0.76914+0.32617i,0.77239+0.31639i,0.6381+0.41442i,0.63984+0.32666i,0.63806+0.45387i,0.66233+0.70719i,0.7949+0.37818i,0.80465+0.34883i,0.77921+0.12313i,0.65993+0.16904i,0.65192+0.12836i,0.6467+0.11169i,0.66765+0.077109i,0.66198+0.15207i,0.66287+0.1062i,0.7629+0.070157i,0.67258+0.098561i,0.79016+0.058819i,0.79552+0.0075038i,0.65056+0.07063i,0.66004+0.055879i,0.67583+0.088779i,0.76149+0.090083i,0.67009+0.024669i,0.66339+0.0085101i,0.78479-0.004346i,0.78261-0.036019i,0.80103+0.037934i,0.77445-0.36106i,0.76792-0.13223i,0.78629-0.14527i,0.76667-0.029288i,0.76701-0.0077586i,0.63638-0.018138i,0.65208-0.051652i,0.65994-0.068409i,0.47182-0.15013i,0.46133-0.064531i,0.22827-0.022297i,0.22887-0.086292i,0.23292-0.066063i,0.46029-0.082994i,0.45948-0.17511i,0.45692-0.29275i,0.46055-0.20801i,0.45945-0.28567i,0.45343-0.25682i,0.45447-0.23836i,0.46572-0.19388i,0.46678-0.22678i,0.45554-0.30036i,0.45406-0.32921i,0.46722-0.3639i,0.46053-0.3967i,0.24967-0.46515i,0.25164-0.44947i,0.21655-0.6088i,0.21536-0.62683i,0.22301-0.67176i,0.22001-0.58135i,0.22462-0.70988i,0.22726-0.69586i,0.23679-0.69192i,0.4505-0.57825i,0.45285-0.67734i,0.45326-0.69204i,0.46295-0.84417i,0.46559-0.83016i,0.64027-0.60371i,0.66683-0.48244i,0.64953-0.49706i,0.46004-0.54441i,0.46585-0.57838i,0.46882-0.56002i,0.4638-0.38335i,0.47993-0.37464i,0.46896-0.34851i,0.66507-0.45171i,0.78392-0.37581i,0.77628-0.35092i,0.77457-0.31528i,0.67686-0.46752i,0.65646-0.58366i
timestamp,11:55:38.414,is_stable,0,duration,-1,zeros,0.65334+0.03972i,0.66436+0.54763i,0.65228-0.48184i,0.22801-0.59461i,0.12769+0.13025i,0.78465+0.028388i,0.21939+0.16292i,0.11971+0.86233i,0.64177+0.52926i,0.63805+0.4736i,0.22255-0.12404i,0.10913-0.14315i,0.10102+0.010885i,0.11884+0.9467i,0.11492+0.39305i,0.10892+0.13839i,0.10939+0.12329i,0.11724-0.00041481i,0.22183-0.19213i,0.45009+0.48964i,0.12721+0.14536i,0.22959+0.61768i,0.46931+0.70658i,0.47621+0.2499i,0.47017+0.50627i,0.66434+0.56735i,0.46315+0.7447i,0.4756+0.7269i,0.63801+0.51305i,0.76272+0.30231i,0.63812+0.3947i,0.79498+0.33476i,0.64786+0.14059i,0.78752-0.29924i,0.46133+0.00023907i,0.24586-0.088783i,0.47606-0.1656i,0.47577-0.38373i,0.46237-0.31104i,0.65796-0.59504i,0.6604-0.51794i,0.12913-0.8495i,0.11956-0.98174i,0.12769-0.9708i,0.10514-0.33299i,0.10815-0.42857i,0.11138-0.35175i,0.11532-0.32038i,0.12535-0.35596i,0.12903-0.13959i,0.13921-0.12698i,0.1071-0.16013i,0.12342-0.16885i,0.11919-0.059565i,0.10246-0.071218i,0.13967-0.10531i,0.2185-0.14426i,0.21809-0.03491i,0.12121-0.04259i,0.12648+0.042416i,0.10499-0.03129i,0.11721+0.87783i,0.10498+0.96299i,0.12176+0.38041i,0.11307+0.40942i,0.20849+0.17838i,0.10706-0.013027i,0.13364+0.066985i,0.21683+0.028747i,0.10309+0.029148i,0.22806-5.14e-06i,0.21476+0.010485i,0.22131-0.055437i,0.22701+0.04136i,0.2439+0.043154i,0.44886-0.027007i,0.44263-0.0082453i,0.6358-0.0016806i,0.4551+0.019001i,0.4551+0.083771i,0.4738+0.027485i,0.46757+0.046247i,0.4721+0.14057i,0.45824+0.20386i,0.456+0.10264i,0.48014+0.15954i,0.46064+0.21823i,0.46799+0.17451i,0.47604+0.19348i,0.45362+0.23153i,0.23331+0.1355i,0.23426+0.10528i,0.24444+0.11789i,0.23624+0.084191i,0.21102+0.19235i,0.24499+0.15295i,0.23814+0.16559i,0.23444+0.52878i,0.22947+0.54952i,0.22477+0.69701i,0.45514+0.50535i,0.44796+0.66086i,0.46313+0.76443i,0.45426+0.68118i,0.457+0.87821i,0.47177+0.69133i,0.4752+0.51961i,0.4627+0.53266i,0.47635+0.47053i,0.45857+0.38769i,0.45755+0.47312i,0.4561+0.40294i,0.47996+0.26611i,0.45735+0.26747i,0.45734+0.28719i,0.78685+0.35921i,0.76914+0.32617i,0.77239+0.31639i,0.6381+0.41442i,0.63984+0.32666i,0.63806+0.45387i,0.66233+0.70719i,0.7949+0.37818i,0.80465+0.34883i,0.77921+0.12313i,0.65993+0.16904i,0.65192+0.12836i,0.6467+0.11169i,0.66765+0.077109i,0.66198+0.15207i,0.66287+0.1062i,0.7629+0.070157i,0.67258+0.098561i,0.79016+0.058819i,0.79552+0.0075038i,0.65056+0.07063i,0.66004+0.055879i,0.67583+0.088779i,0.76149+0.090083i,0.67009+0.024669i,0.66339+0.0085101i,0.78479-0.004346i,0.78261-0.036019i,0.80103+0.037934i,0.77445-0.36106i,0.76792-0.13223i,0.78629-0.14527i,0.76667-0.029288i,0.76701-0.0077586i,0.63638-0.018138i,0.65208-0.051652i,0.65994-0.068409i,0.47182-0.15013i,0.46133-0.064531i,0.22827-0.022297i,0.22887-0.086292i,0.23292-0.066063i,0.46029-0.082994i,0.45948-0.17511i,0.45692-0.29275i,0.46055-0.20801i,0.45945-0.28567i,0.45343-0.25682i,0.45447-0.23836i,0.46572-0.19388i,0.46678-0.22678i,0.45554-0.30036i,0.45406-0.32921i,0.46722-0.3639i,0.46053-0.3967i,0.24967-0.46515i,0.25164-0.44947i,0.21655-0.6088i,0.21536-0.62683i,0.22301-0.67176i,0.22001-0.58135i,0.22462-0.70988i,0.22726-0.69586i,0.23679-0.69192i,0.4505-0.57825i,0.45285-0.67734i,0.45326-0.69204i,0.46295-0.84417i,0.46559-0.83016i,0.64027-0.60371i,0.66683-0.48244i,0.64953-0.49706i,0.46004-0.54441i,0.46585-0.57838i,0.46882-0.56002i,0.4638-0.38335i,0.47993-0.37464i,0.46896-0.34851i,0.66507-0.45171i,0.78392-0.37581i,0.77628-0.35092i,0.77457-0.31528i,0.67686-0.46752i,0.65646-0.58366i
timestamp,11:57:57.097,is_stable,0,duration,-1,zeros,0.65334+0.03972i,0.66436+0.54763i,0.65228-0.48184i,0.22801-0.59461i,0.12769+0.13025i,0.78465+0.028388i,0.21939+0.16292i,0.11971+0.86233i,0.64177+0.52926i,0.63805+0.4736i,0.22255-0.12404i,0.10913-0.14315i,0.10102+0.010885i,0.11884+0.9467i,0.11492+0.39305i,0.10892+0.13839i,0.10939+0.12329i,0.11724-0.00041481i,0.22183-0.19213i,0.45009+0.48964i,0.12721+0.14536i,0.22959+0.61768i,0.46931+0.70658i,0.47621+0.2499i,0.47017+0.50627i,0.66434+0.56735i,0.46315+0.7447i,0.4756+0.7269i,0.63801+0.51305i,0.76272+0.30231i,0.63812+0.3947i,0.79498+0.33476i,0.64786+0.14059i,0.78752-0.29924i,0.46133+0.00023907i,0.24586-0.088783i,0.47606-0.1656i,0.47577-0.38373i,0.46237-0.31104i,0.65796-0.59504i,0.6604-0.51794i,0.12913-0.8495i,0.11956-0.98174i,0.12769-0.9708i,0.10514-0.33299i,0.10815-0.42857i,0.11138-0.35175i,0.11532-0.32038i,0.12535-0.35596i,0.12903-0.13959i,0.13921-0.12698i,0.1071-0.16013i,0.12342-0.16885i,0.11919-0.059565i,0.10246-0.071218i,0.13967-0.10531i,0.2185-0.14426i,0.21809-0.03491i,0.12121-0.04259i,0.12648+0.042416i,0.10499-0.03129i,0.11721+0.87783i,0.10498+0.96299i,0.12176+0.38041i,0.11307+0.40942i,0.20849+0.17838i,0.10706-0.013027i,0.13364+0.066985i,0.21683+0.028747i,0.10309+0.029148i,0.22806-5.14e-06i,0.21476+0.010485i,0.22131-0.055437i,0.22701+0.04136i,0.2439+0.043154i,0.44886-0.027007i,0.44263-0.0082453i,0.6358-0.0016806i,0.4551+0.019001i,0.4551+0.083771i,0.4738+0.027485i,0.46757+0.046247i,0.4721+0.14057i,0.45824+0.20386i,0.456+0.10264i,0.48014+0.15954i,0.46064+0.21823i,0.46799+0.17451i,0.47604+0.19348i,0.45362+0.23153i,0.23331+0.1355i,0.23426+0.10528i,0.24444+0.11789i,0.23624+0.084191i,0.21102+0.19235i,0.24499+0.15295i,0.23814+0.16559i,0.23444+0.52878i,0.22947+0.54952i,0.22477+0.69701i,0.45514+0.50535i,0.44796+0.66086i,0.46313+0.76443i,0.45426+0.68118i,0.457+0.87821i,0.47177+0.69133i,0.4752+0.51961i,0.4627+0.53266i,0.47635+0.47053i,0.45857+0.38769i,0.45755+0.47312i,0.4561+0.40294i,0.47996+0.26611i,0.45735+0.26747i,0.45734+0.28719i,0.78685+0.35921i,0.76914+0.32617i,0.77239+0.31639i,0.6381+0.41442i,0.63984+0.32666i,0.63806+0.45387i,0.66233+0.70719i,0.7949+0.37818i,0.80465+0.34883i,0.77921+0.12313i,0.65993+0.16904i,0.65192+0.12836i,0.6467+0.11169i,0.66765+0.077109i,0.66198+0.15207i,0.66287+0.1062i,0.7629+0.070157i,0.67258+0.098561i,0.79016+0.058819i,0.79552+0.0075038i,0.65056+0.07063i,0.66004+0.055879i,0.67583+0.088779i,0.76149+0.090083i,0.67009+0.024669i,0.66339+0.0085101i,0.78479-0.004346i,0.78261-0.036019i,0.80103+0.037934i,0.77445-0.36106i,0.76792-0.13223i,0.78629-0.14527i,0.76667-0.029288i,0.76701-0.0077586i,0.63638-0.018138i,0.65208-0.051652i,0.65994-0.068409i,0.47182-0.15013i,0.46133-0.064531i,0.22827-0.022297i,0.22887-0.086292i,0.23292-0.066063i,0.46029-0.082994i,0.45948-0.17511i,0.45692-0.29275i,0.46055-0.20801i,0.45945-0.28567i,0.45343-0.25682i,0.45447-0.23836i,0.46572-0.19388i,0.46678-0.22678i,0.45554-0.30036i,0.45406-0.32921i,0.46722-0.3639i,0.46053-0.3967i,0.24967-0.46515i,0.25164-0.44947i,0.21655-0.6088i,0.21536-0.62683i,0.22301-0.67176i,0.22001-0.58135i,0.22462-0.70988i,0.22726-0.69586i,0.23679-0.69192i,0.4505-0.57825i,0.45285-0.67734i,0.45326-0.69204i,0.46295-0.84417i,0.46559-0.83016i,0.64027-0.60371i,0.66683-0.48244i,0.64953-0.49706i,0.46004-0.54441i,0.46585-0.57838i,0.46882-0.56002i,0.4638-0.38335i,0.47993-0.37464i,0.46896-0.34851i,0.66507-0.45171i,0.78392-0.37581i,0.77628-0.35092i,0.77457-0.31528i,0.67686-0.46752i,0.65646-0.58366i
timestamp,11:58:18.414,is_stable,0,duration,-1,zeros,0.65334+0.03972i,0.66436+0.54763i,0.65228-0.48184i,0.22801-0.59461i,0.12769+0.13025i,0.78465+0.028388i,0.21939+0.16292i,0.11971+0.86233i,0.64177+0.52926i,0.63805+0.4736i,0.22255-0.12404i,0.10913-0.14315i,0.10102+0.010885i,0.11884+0.9467i,0.11492+0.39305i,0.10892+0.13839i,0.10939+0.12329i,0.11724-0.00041481i,0.22183-0.19213i,0.45009+0.48964i,0.12721+0.14536i,0.22959+0.61768i,0.46931+0.70658i,0.47621+0.2499i,0.47017+0.50627i,0.66434+0.56735i,0.46315+0.7447i,0.4756+0.7269i,0.63801+0.51305i,0.76272+0.30231i,0.63812+0.3947i,0.79498+0.33476i,0.64786+0.14059i,0.78752-0.29924i,0.46133+0.00023907i,0.24586-0.088783i,0.47606-0.1656i,0.47577-0.38373i,0.46237-0.31104i,0.65796-0.59504i,0.6604-0.51794i,0.12913-0.8495i,0.11956-0.98174i,0.12769-0.9708i,0.10514-0.33299i,0.10815-0.42857i,0.11138-0.35175i,0.11532-0.32038i,0.12535-0.35596i,0.12903-0.13959i,0.13921-0.12698i,0.1071-0.16013i,0.12342-0.16885i,0.11919-0.059565i,0.10246-0.071218i,0.13967-0.10531i,0.2185-0.14426i,0.21809-0.03491i,0.12121-0.04259i,0.12648+0.042416i,0.10499-0.03129i,0.11721+0.87783i,0.10498+0.96299i,0.12176+0.38041i,0.11307+0.40942i,0.20849+0.17838i,0.10706-0.013027i,0.13364+0.066985i,0.21683+0.028747i,0.10309+0.029148i,0.22806-5.14e-06i,0.21476+0.010485i,0.22131-0.055437i,0.22701+0.04136i,0.2439+0.043154i,0.44886-0.027007i,0.44263-0.0082453i,0.6358-0.0016806i,0.4551+0.019001i,0.4551+0.083771i,0.4738+0.027485i,0.46757+0.046247i,0.4721+0.14057i,0.45824+0.20386i,0.456+0.10264i,0.48014+0.15954i,0.46064+0.21823i,0.46799+0.17451i,0.47604+0.19348i,0.45362+0.23153i,0.23331+0.1355i,0.23426+0.10528i,0.24444+0.11789i,0.23624+0.084191i,0.21102+0.19235i,0.24499+0.15295i,0.23814+0.16559i,0.23444+0.52878i,0.22947+0.54952i,0.22477+0.69701i,0.45514+0.50535i,0.44796+0.66086i,0.46313+0.76443i,0.45426+0.68118i,0.457+0.87821i,0.47177+0.69133i,0.4752+0.51961i,0.4627+0.53266i,0.47635+0.47053i,0.45857+0.38769i,0.45755+0.47312i,0.4561+0.40294i,0.47996+0.26611i,0.45735+0.26747i,0.45734+0.28719i,0.78685+0.35921i,0.76914+0.32617i,0.77239+0.31639i,0.6381+0.41442i,0.63984+0.32666i,0.63806+0.45387i,0.66233+0.70719i,0.7949+0.37818i,0.80465+0.34883i,0.77921+0.12313i,0.65993+0.16904i,0.65192+0.12836i,0.6467+0.11169i,0.66765+0.077109i,0.66198+0.15207i,0.66287+0.1062i,0.7629+0.070157i,0.67258+0.098561i,0.79016+0.058819i,0.79552+0.0075038i,0.65056+0.07063i,0.66004+0.055879i,0.67583+0.088779i,0.76149+0.090083i,0.67009+0.024669i,0.66339+0.0085101i,0.78479-0.004346i,0.78261-0.036019i,0.80103+0.037934i,0.77445-0.36106i,0.76792-0.13223i,0.78629-0.14527i,0.76667-0.029288i,0.76701-0.0077586i,0.63638-0.018138i,0.65208-0.051652i,0.65994-0.068409i,0.47182-0.15013i,0.46133-0.064531i,0.22827-0.022297i,0.22887-0.086292i,0.23292-0.066063i,0.46029-0.082994i,0.45948-0.17511i,0.45692-0.29275i,0.46055-0.20801i,0.45945-0.28567i,0.45343-0.25682i,0.45447-0.23836i,0.46572-0.19388i,0.46678-0.22678i,0.45554-0.30036i,0.45406-0.32921i,0.46722-0.3639i,0.46053-0.3967i,0.24967-0.46515i,0.25164-0.44947i,0.21655-0.6088i,0.21536-0.62683i,0.22301-0.67176i,0.22001-0.58135i,0.22462-0.70988i,0.22726-0.69586i,0.23679-0.69192i,0.4505-0.57825i,0.45285-0.67734i,0.45326-0.69204i,0.46295-0.84417i,0.46559-0.83016i,0.64027-0.60371i,0.66683-0.48244i,0.64953-0.49706i,0.46004-0.54441i,0.46585-0.57838i,0.46882-0.56002i,0.4638-0.38335i,0.47993-0.37464i,0.46896-0.34851i,0.66507-0.45171i,0.78392-0.37581i,0.77628-0.35092i,0.77457-0.31528i,0.67686-0.46752i,0.65646-0.58366i
timestamp,11:59:09.835,is_stable,0,duration,-1,zeros,0.50787+0.078082i,0.50117-0.067617i,0.49424+0.083751i,0.50679+0.55452i,0.49095+0.025128i,0.48781+0.048249i,0.49279+0.035271i,0.52378+0.15775i,0.50512+0.062867i,0.49964+0.10084i,0.51574+0.13878i,0.48815-0.027376i,0.48559-0.053098i,0.50144-0.02219i,0.48167-0.035397i,0.48356+0.012035i,0.50076-0.00047924i,0.50509-0.085318i,0.50246-0.55526i,0.49858-0.53332i
timestamp,11:59:19.331,is_stable,0,duration,-1,zeros,0.50787+0.078082i,0.50117-0.067617i,0.49424+0.083751i,0.50679+0.55452i,0.49095+0.025128i,0.48781+0.048249i,0.49279+0.035271i,0.52378+0.15775i,0.50512+0.062867i,0.49964+0.10084i,0.51574+0.13878i,0.48815-0.027376i,0.48559-0.053098i,0.50144-0.02219i,0.48167-0.035397i,0.48356+0.012035i,0.50076-0.00047924i,0.50509-0.085318i,0.50246-0.55526i,0.49858-0.53332i
timestamp,11:59:33.980,is_stable,0,duration,-1,zeros,0.50787+0.078082i,0.50117-0.067617i,0.49424+0.083751i,0.50679+0.55452i,0.49095+0.025128i,0.48781+0.048249i,0.49279+0.035271i,0.52378+0.15775i,0.50512+0.062867i,0.49964+0.10084i,0.51574+0.13878i,0.48815-0.027376i,0.48559-0.053098i,0.50144-0.02219i,0.48167-0.035397i,0.48356+0.012035i,0.50076-0.00047924i,0.50509-0.085318i,0.50246-0.55526i,0.49858-0.53332i
timestamp,12:04:28.537,is_stable,0,duration,-1,zeros,0.50004+0.00027242i,0.49997+4.3468e-05i
timestamp,12:04:52.008,is_stable,1,duration,-1,zeros,timestamp,12:06:31.967,is_stable,1,duration,-1,zeros,timestamp,12:09:30.217,is_stable,1,duration,-1,zeros,timestamp,12:10:26.453,is_stable,0,duration,-1,zeros,0.5-1.136e-12i
timestamp,12:10:49.628,is_stable,0,duration,-1,zeros,0.5-1.136e-12i
timestamp,12:22:37.465,is_stable,0,duration,-1,zeros,0.5-1.136e-12i
timestamp,12:29:52.202,is_stable,0,duration,-1,zeros,0.5-1.136e-12i
timestamp,12:30:05.826,is_stable,0,duration,-1,zeros,0.5-1.136e-12i
timestamp,12:32:20.747,is_stable,0,duration,-1,zeros,0.5-1.136e-12i
timestamp,12:33:04.142,is_stable,0,duration,-1,zeros,0.5-5.6153e-12i,0.5+9.2394e-12i,0.5-1.136e-12i,0.5+5.5828e-12i
timestamp,12:36:03.745,is_stable,0,duration,-1,zeros,0.5-5.6153e-12i,0.5+9.2394e-12i,0.5-1.136e-12i,0.5+5.5828e-12i
timestamp,12:36:55.011,is_stable,0,duration,-1,zeros,0.5-5.6153e-12i,0.5+9.2394e-12i,0.5-1.136e-12i,0.5+5.5828e-12i
timestamp,12:37:57.096,is_stable,0,duration,-1,zeros,0.5-5.6153e-12i,0.5+9.2394e-12i,0.5-1.136e-12i,0.5+5.5828e-12i
timestamp,12:38:28.362,is_stable,0,duration,-1,zeros,0.5-5.6153e-12i,0.5+9.2394e-12i,0.5-1.136e-12i,0.5+5.5828e-12i
timestamp,12:39:15.424,is_stable,1,duration,-1,zeros,timestamp,12:39:27.315,is_stable,0,duration,-1,zeros,0.5-5.6153e-12i,0.5+9.2394e-12i,0.5-1.136e-12i,0.5+5.5828e-12i
timestamp,12:40:06.541,is_stable,0,duration,-1,zeros,0.5-5.6153e-12i,0.5+9.2394e-12i,0.5-1.136e-12i,0.5+5.5828e-12i
timestamp,12:41:04.326,is_stable,0,duration,-1,zeros,0.5-5.6153e-12i,0.5+9.2394e-12i,0.5-1.136e-12i,0.5+5.5828e-12i
timestamp,12:41:29.213,is_stable,0,duration,-1,zeros,0.5-5.6153e-12i,0.5+9.2394e-12i,0.5-1.136e-12i,0.5+5.5828e-12i
timestamp,12:41:56.880,is_stable,0,duration,-1,zeros,0.5-5.6153e-12i,0.5+9.2394e-12i,0.5-1.136e-12i,0.5+5.5828e-12i
timestamp,12:43:59.942,is_stable,0,duration,-1,zeros,0.5-5.6153e-12i,0.5+9.2394e-12i,0.5-1.136e-12i,0.5+5.5828e-12i
timestamp,12:45:29.766,is_stable,0,duration,-1,zeros,0.5-5.6153e-12i,0.5+9.2394e-12i,0.5-1.136e-12i,0.5+5.5828e-12i
timestamp,12:46:17.472,is_stable,0,duration,-1,zeros,0.25-0.5i,0.25+0.5i,0.5-1.136e-12i
timestamp,12:46:30.847,is_stable,0,duration,-1,zeros,0.25-0.5i,0.25+0.5i,0.5-1.136e-12i
timestamp,12:46:51.003,is_stable,0,duration,-1,zeros,0.25-0.5i,0.25+0.5i,0.5-1.136e-12i
timestamp,12:47:16.402,is_stable,0,duration,-1,zeros,0.25-0.5i,0.25+0.5i,0.5-1.136e-12i
timestamp,12:55:47.347,is_stable,0,duration,-1,zeros,0.25-0.5i,0.25+0.5i,0.5-1.136e-12i
timestamp,13:02:27.062,is_stable,0,duration,-1,zeros,0.25-0.5i,0.25+0.5i,0.5-1.136e-12i
timestamp,13:04:04.493,is_stable,0,duration,-1,zeros,0.25-0.5i,0.25+0.5i,0.5-1.136e-12i
timestamp,13:05:28.140,is_stable,0,duration,-1,zeros,0.25-0.5i,0.25+0.5i,0.5+9.1123e-17i
timestamp,13:06:08.148,is_stable,0,duration,-1,zeros,0.25-0.5i,0.25+0.5i,0.5+9.1123e-17i
timestamp,13:07:01.233,is_stable,0,duration,-1,zeros,0.25-0.5i,0.25+0.5i,0.5+9.1123e-17i
timestamp,13:07:48.366,is_stable,0,duration,-1,zeros,0.25-0.5i,0.25+0.5i,0.5+9.1123e-17i
timestamp,13:09:23.354,is_stable,0,duration,-1,zeros,0.25-0.5i,0.25+0.5i,0.5+9.1123e-17i
timestamp,13:10:06.327,is_stable,0,duration,-1,zeros,0.25-0.5i,0.25+0.5i,0.5+9.1123e-17i
timestamp,13:14:05.504,is_stable,0,duration,-1,zeros,0.25-0.5i,0.25+0.5i,0.5+9.1123e-17i
timestamp,13:14:49.241,is_stable,0,duration,-1,zeros,0.1165-8.0467e-18i,0.4652+6.8945e-18i
timestamp,13:15:15.532,is_stable,0,duration,-1,zeros,0.1165-8.0467e-18i,0.4652+6.8945e-18i
timestamp,13:15:19.186,is_stable,0,duration,-1,zeros,0.1165-8.0467e-18i,0.4652+6.8945e-18i
timestamp,13:17:15.954,is_stable,0,duration,-1,zeros,0.1165-8.0467e-18i,0.4652+6.8945e-18i
timestamp,13:17:45.621,is_stable,0,duration,-1,zeros,0.1165-8.0467e-18i,0.4652+6.8945e-18i
timestamp,13:18:18.602,is_stable,0,duration,-1,zeros,0.4652+2.9785e-14i,0.1165+4.484e-14i
timestamp,13:18:24.867,is_stable,0,duration,-1,zeros,0.1165-8.0467e-18i,0.4652+6.8945e-18i
timestamp,13:18:55.132,is_stable,0,duration,-1,zeros,0.45+3.1067e-17i,0.25-5.0906e-20i
timestamp,13:19:13.059,is_stable,0,duration,-1,zeros,0.25-3.6279e-17i,0.1+8.5888e-18i,0.65-3.0267e-17i,0.75-2.7149e-17i,0.45-5.9819e-17i
timestamp,13:19:34.115,is_stable,0,duration,-1,zeros,0.75-2.614e-17i,0.45-2.1421e-17i
timestamp,13:19:45.896,is_stable,0,duration,-1,zeros,0.25-3.6279e-17i,0.1+8.5888e-18i,0.65-3.0267e-17i,0.75-2.7149e-17i,0.45-5.9819e-17i
timestamp,13:20:21.438,is_stable,0,duration,-1,zeros,0.25-3.6279e-17i,0.1+8.5888e-18i,0.65-3.0267e-17i,0.75-2.7149e-17i,0.45-5.9819e-17i
timestamp,13:21:54.767,is_stable,0,duration,-1,zeros,-0.3-1.3643e-16i,0.25-7.016e-18i,0.75+4.1334e-17i
timestamp,13:47:57.971,is_stable,0,duration,-1,zeros,-0.3-1.3643e-16i,0.25-7.016e-18i,0.75+4.1334e-17i
timestamp,13:48:23.850,is_stable,0,duration,-1,zeros,0.5+5.224e-17i
timestamp,13:49:23.405,is_stable,0,duration,-1,zeros,0.5-6.4572e-17i
timestamp,13:49:30.629,is_stable,0,duration,-1,zeros,0.25-0.5i,0.25+0.5i,0.5+9.1123e-17i
timestamp,13:49:47.083,is_stable,0,duration,-1,zeros,0.25-0.5i,0.25+0.5i,0.5+9.1123e-17i
timestamp,13:50:43.087,is_stable,0,duration,-1,zeros,0.25-0.5i,0.25+0.5i,0.5+9.1123e-17i
timestamp,13:51:45.809,is_stable,0,duration,-1,zeros,-0.3+5.189e-17i,0.45-4.0321e-17i
timestamp,13:52:05.644,is_stable,0,duration,-1,zeros,-0.3+5.189e-17i,0.45-4.0321e-17i
timestamp,13:53:18.541,is_stable,0,duration,-1,zeros,-0.3+5.189e-17i,0.45-4.0321e-17i
timestamp,14:26:08.648,is_stable,0,duration,-1,zeros,-0.3+5.189e-17i,0.45-4.0321e-17i
timestamp,14:27:21.827,is_stable,0,duration,-1,zeros,-0.3+3.5959e-18i,0.75-1.386e-17i,0.25-6.3856e-17i
timestamp,14:28:01.692,is_stable,0,duration,-1,zeros,-0.3+5.189e-17i,0.45-4.0321e-17i
timestamp,15:09:18.981,is_stable,0,duration,-1,zeros,-0.3+5.189e-17i,0.45-4.0321e-17i
timestamp,15:28:20.707,is_stable,0,duration,-1,zeros,-0.3+5.189e-17i,0.45-4.0321e-17i
timestamp,15:50:58.362,is_stable,1,duration,-1,zeros,timestamp,15:51:27.911,is_stable,1,duration,-1,zeros,timestamp,15:51:55.122,is_stable,1,duration,-1,zeros,timestamp,15:52:20.006,is_stable,0,duration,-1,zeros,0.25-0.5i,0.25+0.5i,0.5+9.1123e-17i
timestamp,15:52:59.770,is_stable,0,duration,-1,zeros,-0.3+5.189e-17i,0.45-4.0321e-17i
timestamp,15:56:39.267,is_stable,0,duration,-1,zeros,-0.3+5.189e-17i,0.45-4.0321e-17i
timestamp,15:58:15.853,is_stable,0,duration,-1,zeros,-0.3+5.189e-17i,0.45-4.0321e-17i
timestamp,15:58:29.833,is_stable,0,duration,-1,zeros,-0.3+5.189e-17i,0.45-4.0321e-17i
timestamp,15:58:46.585,is_stable,0,duration,-1,zeros,-0.3+5.189e-17i,0.45-4.0321e-17i
timestamp,15:59:24.577,is_stable,0,duration,-1,zeros,-0.3+5.189e-17i,0.45-4.0321e-17i
timestamp,16:07:46.595,is_stable,0,duration,-1,zeros,-0.3+5.189e-17i,0.45-4.0321e-17i
timestamp,16:08:02.914,is_stable,0,duration,-1,zeros,-0.3+5.189e-17i,0.45-4.0321e-17i
timestamp,16:09:12.001,is_stable,0,duration,-1,zeros,-0.3+5.189e-17i,0.45-4.0321e-17i
timestamp,16:09:39.874,is_stable,0,duration,-1,zeros,-0.3+5.189e-17i,0.45-4.0321e-17i
timestamp,16:11:10.761,is_stable,0,duration,-1,zeros,-0.3+5.189e-17i,0.45-4.0321e-17i
timestamp,16:12:16.655,is_stable,0,duration,-1,zeros,-0.3+5.189e-17i,0.45-4.0321e-17i
timestamp,16:13:06.660,is_stable,0,duration,-1,zeros,-0.3+5.189e-17i,0.45-4.0321e-17i
timestamp,16:15:08.900,is_stable,0,duration,-1,zeros,-0.3+5.189e-17i,0.45-4.0321e-17i
timestamp,16:15:35.617,is_stable,0,duration,-1,zeros,-0.3+5.189e-17i,0.45-4.0321e-17i
timestamp,16:16:22.956,is_stable,0,duration,-1,zeros,0.25-0.5i,0.25+0.5i,0.5+9.1123e-17i
timestamp,16:16:29.048,is_stable,0,duration,-1,zeros,0.25-0.5i,0.25+0.5i,0.5+9.1123e-17i
timestamp,16:16:49.904,is_stable,0,duration,-1,zeros,0.25-0.5i,0.25+0.5i,0.5+9.1123e-17i
timestamp,17:15:32.170,is_stable,0,duration,-1,zeros,0.25-0.5i,0.25+0.5i,0.5+9.1123e-17i
timestamp,17:19:40.832,is_stable,0,duration,-1,zeros,-0.3+5.189e-17i,0.45-4.0321e-17i
timestamp,17:23:36.511,is_stable,0,duration,-1,zeros,-0.3+5.189e-17i,0.45-4.0321e-17i
